,Date,STMR,momentum,ltmr
0,2019-10-10,0.08402540881106789,0.15763358890405801,-13.806456894065919
1,2019-10-11,0.0935260580108234,0.3708651762471862,-2.9555691034692515
2,2019-10-14,0.08214518733845683,0.24997937319321165,-5.426915960538448
3,2019-10-15,0.0733577845716526,0.3366052114926063,-6.1297414615825785
4,2019-10-16,0.07889996564080247,0.39480447546670067,-5.922027757900409
5,2019-10-17,0.07148902696409425,0.3448365440851855,-9.575153273034525
6,2019-10-18,0.046168501189888106,0.32221768127367373,-17.43671931095672
7,2019-10-21,0.079906551365885,0.11297639522551353,-26.584636132598487
8,2019-10-22,0.06404884513007149,0.06385728334707454,-60.98013432136458
9,2019-10-23,0.07547587636502959,0.22667322435940515,-14.846736972416311
10,2019-10-24,0.07130902770478176,0.1713683628581372,-20.263227762981955
11,2019-10-25,0.08550810171458668,0.6246279670432234,-4.0089213931730034
12,2019-10-28,0.04720160148429427,0.6498148064592285,-7.61539672056203
13,2019-10-29,0.033187991253495294,1.3743076796564881,-5.238741282034145
14,2019-10-30,0.05275056538552905,0.936914608054817,-4.753506974753541
15,2019-10-31,0.06810801355951164,1.0609995063725608,-3.124352076395732
16,2019-11-01,0.05619455834364197,1.0883875196235508,-4.549764779911908
17,2019-11-04,0.04019833823311602,1.3907946048435629,-5.177354165468573
18,2019-11-05,0.04487932617743292,0.0349521239785001,-165.79507772466928
19,2019-11-06,0.0401016041685267,0.7361175556452328,-9.222150408909982
20,2019-11-07,0.047379395066414004,2.2329609805033286,-2.6913655044452014
21,2019-11-08,0.06595796779179736,2.0442547737914656,-1.7668042186481971
22,2019-11-11,0.0668224962454017,1.9415066623599428,-2.047047516056629
23,2019-11-12,0.07137485615586217,1.9118151265137513,-1.8743275964397799
24,2019-11-13,0.06256927108817201,2.4152857433268693,-1.6981739862103922
25,2019-11-14,0.07654007712233432,3.2511988796214255,-1.3369889231330105
26,2019-11-15,0.08466380544159956,2.2778795606343527,-1.4061960076853954
27,2019-11-18,0.06177735969624294,2.729015367620254,-1.9310031558471714
28,2019-11-19,0.06019235553367768,3.09295352779598,-1.734874620397307
29,2019-11-20,0.04886709020508634,3.5679101500221613,-1.850499255945912
30,2019-11-21,0.05129329438755029,3.741342861875265,-1.5519217635179015
31,2019-11-22,0.02413507573524024,8.261397954304623,-1.6265185880510806
32,2019-11-25,0.032841106189241964,4.948643585915838,-1.9680867722523159
33,2019-11-26,0.02887834073868668,7.501421951907896,-1.481456704660759
34,2019-11-27,0.03113091859517289,7.7578959787499375,-1.2149071548036041
35,2019-11-29,0.010785928910151118,29.24117965107265,-0.9930946199164696
36,2019-12-02,0.0089373044858498,34.33021044801281,-1.1422549871596697
37,2019-12-03,0.01610290403797617,14.992070184007645,-1.3812454648483796
38,2019-12-04,0.001566171032744635,143.97771631875693,-1.4817354844546196
39,2019-12-05,0.0070505579966665495,35.12360624955903,-1.3216127215351963
40,2019-12-06,0.019418085857101437,13.511335071759383,-1.2424626592647972
41,2019-12-09,-0.016086137751624683,-15.451836117294656,-1.3247324072771727
42,2019-12-10,-0.03167510847975649,-7.803417599389844,-1.3757673806232082
43,2019-12-11,-0.03505076694045945,-6.771782977684215,-1.2103749903794758
44,2019-12-12,-0.033927695124788215,-7.456931970573065,-1.0761800178703937
45,2019-12-13,-0.046162041763162756,-5.286365874933583,-0.933726822568215
46,2019-12-16,-0.054762587894727266,-3.4459904498211915,-1.3649191797818374
47,2019-12-17,-0.044766013869706744,-4.962247467096694,-1.2733010516054521
48,2019-12-18,-0.03918996804559416,-5.9449902042753555,-1.3415091639011028
49,2019-12-19,-0.04122271582395442,-6.103449302145179,-1.2880943079304503
50,2019-12-20,-0.02887442109913701,-10.229304548560036,-1.0554295408482472
51,2019-12-23,-0.03522869188374384,-9.375208497470888,-0.9631070941468255
52,2019-12-24,-0.040021033324050444,-8.085774812395941,-0.9839586301051977
53,2019-12-26,-0.0336668574704842,-10.089369578611713,-0.8703852855786215
54,2019-12-27,-0.04305948946044694,-7.862480653341725,-0.9082283295734161
55,2019-12-30,-0.044660770827420704,-7.569866796737303,-0.9142497613072018
56,2019-12-31,-0.027055169122198318,-12.173033998528487,-0.9409322740507355
57,2020-01-02,-0.02242703578744431,-15.787761446174478,-0.8186468886886151
58,2020-01-03,-0.007067167223092343,-55.875711768546346,-0.7434476600099379
59,2020-01-06,-0.013913678060742559,-27.805625705801372,-0.6980837305646307
60,2020-01-07,-0.04564128095620413,-8.568479290301404,-0.7647871469810257
61,2020-01-08,-0.07037275303610664,-5.389848076313602,-0.8670442571724615
62,2020-01-09,-0.030443023505229514,-12.545203027394733,-0.7520984411181084
63,2020-01-10,-0.034699393488401106,-9.893941476316781,-0.7794482438109016
64,2020-01-13,-0.024212335784879822,-14.126355350795809,-0.8903092349822259
65,2020-01-14,-0.04262808646510968,-7.605834847422566,-1.0081337562995412
66,2020-01-15,0.0023856870162031404,155.39754639272692,-0.7409463786910192
67,2020-01-16,-0.02028467117150573,-17.009561851213054,-0.8574399166497906
68,2020-01-17,-0.0399563953717583,-7.633951002138353,-1.028615489542032
69,2020-01-21,-0.03632311165099489,-8.265516770385089,-1.0274628570703643
70,2020-01-22,-0.019992669105949552,-15.948730418658384,-0.8818952042337558
71,2020-01-23,-0.003992021269537377,-78.97223459897764,-0.863297792385715
72,2020-01-24,-0.015329061759114304,-17.979851944474564,-1.1512469331342232
73,2020-01-27,-0.01207258123426917,-22.450319943449077,-1.1022783582273694
74,2020-01-28,-0.009646377051805152,-13.962339758729312,-2.2887932201209265
75,2020-01-29,-0.010471299867295322,-10.621951096788885,-2.680616855345054
76,2020-01-30,-0.024136328553297975,-5.282505613326033,-2.778259996456721
77,2020-01-31,-0.02651822725783165,-5.098681514005491,-2.8117796154301407
78,2020-02-03,-0.05590763193829572,-1.7361084610103903,-4.3195037256152915
79,2020-02-04,-0.06736580763862907,-1.0547095017704033,-5.574942930812798
80,2020-02-05,-0.021978906718774855,-5.148758818991696,-3.423979671860993
81,2020-02-06,0.023742416920104967,5.682627777676689,-2.5646410036961242
82,2020-02-07,0.00902213305315765,16.657059052874377,-2.3680291758132364
83,2020-02-10,-0.004882027597308065,-29.80071834707865,-2.5240772008267083
84,2020-02-11,0.016338279353974246,10.246701631095863,-2.063550575175839
85,2020-02-12,0.0932912611090641,2.230649319647918,-1.2971436737820083
86,2020-02-13,0.08449298477782372,2.760356418475396,-1.0813587135269016
87,2020-02-14,0.11595988109486866,1.9007441395893387,-1.0163738329439223
88,2020-02-18,0.14026821656960567,1.6646728326961044,-0.8382352504363536
89,2020-02-19,0.16160413048183953,1.5258102114684085,-0.7944844684182655
90,2020-02-20,0.19096743351217654,1.6188855988921405,-0.3985651858971203
91,2020-02-21,0.24560929602987341,1.520474483564887,-0.13399884613331473
92,2020-02-24,0.26610952489235534,1.4368870530391185,0.29645041126012794
93,2020-02-25,0.2917628037564979,1.4030007440246977,-0.05204139893880548
94,2020-02-26,0.28969948279858565,1.3923094311207453,-0.07238058174223642
95,2020-02-27,0.26018187856622715,1.5118897294338938,-0.1584075754733874
96,2020-02-28,0.26461679952078504,1.4159851155329934,-0.1617979228268195
97,2020-03-02,0.2801209860567503,1.3929610968109474,-0.10808621108665026
98,2020-03-03,0.28768207245178107,1.3024567233128956,-0.17745103728916656
99,2020-03-04,0.34166021938650104,1.2079591166290362,-0.05620040269281279
100,2020-03-05,0.3102646616519141,1.3087819554683604,0.010425451623084394
101,2020-03-06,0.3033356130317845,1.40534030479373,0.03387527783325933
102,2020-03-09,0.24299334953424076,1.7272782634580774,-0.11695893846743494
103,2020-03-10,0.268743734274441,1.5766336237120777,-0.12465943054076645
104,2020-03-11,0.23618072646668387,1.7246941738066581,-0.1801797259258344
105,2020-03-12,0.16075839863644162,2.2204011341939345,-0.22465386542914764
106,2020-03-13,0.20398299405132286,1.8496354236408914,0.05580072650865926
107,2020-03-16,0.1551928894057022,2.3560590650879227,-0.20572879813440495
108,2020-03-17,0.15569890741628262,2.447120654644709,-0.18497198526734224
109,2020-03-18,0.07884516792996327,3.7876142864740903,-0.3919720744396594
110,2020-03-19,-0.1043600153242425,-1.7045509161090142,-1.315705200442397
111,2020-03-20,-0.10410973375617355,-2.6307698659656156,-0.6381056791348887
112,2020-03-23,-0.06765858616851672,-4.651453165986238,-0.4825456217353786
113,2020-03-24,-0.12989185743383358,-2.172480698244576,-0.6452870086057602
114,2020-03-25,-0.16958565272080894,-1.3731179348255327,-1.0771950046702579
115,2020-03-26,-0.1696678710253949,-1.226482263706171,-1.3993115653618824
116,2020-03-27,-0.13639262490555457,-1.841080359017346,-1.0802096345348384
117,2020-03-30,-0.13555541760379503,-1.6996234248170388,-1.1885973547934656
118,2020-03-31,-0.044735893841391344,-6.5968739103687035,-1.191936989125905
119,2020-04-01,-0.13645820016924315,-1.5786143571832374,-1.7347993272239486
120,2020-04-02,-0.13344518201194272,-1.6270891152041127,-1.4764760894782807
121,2020-04-03,-0.17874373544607042,-1.0956529827058197,-1.8161378337205891
122,2020-04-06,-0.10605957196032398,-1.9001185659817075,-1.475005085402699
123,2020-04-07,-0.1360283351672474,-1.2942561930118985,-1.7940534331772326
124,2020-04-08,-0.12979307051391517,-1.2325149675053277,-1.943250382945071
125,2020-04-09,-0.06042547020165244,-3.5339710178643196,-1.0086793393364217
126,2020-04-13,-0.1396726011227936,-1.4689196305920487,-1.1374015306284204
127,2020-04-14,-0.06453852113757083,-3.561168359824881,-0.8173852910770019
128,2020-04-15,-0.04169902916774796,-5.938617187616402,-0.670588845452827
129,2020-04-16,0.028987536873252624,10.019381374765715,-0.5072515549890955
130,2020-04-17,0.125816524225209,2.343832466244979,-0.323001380893603
131,2020-04-20,0.05735129647146607,4.981871541630793,-0.18983752617963934
132,2020-04-21,0.01652930195121088,16.969551927456173,-0.257016587857574
133,2020-04-22,0.03318963624872084,6.995504373351951,-0.38145128103375825
134,2020-04-23,0.10399855709455119,2.780707390522152,-0.19107120860600463
135,2020-04-24,0.10388013048739245,2.383584063004575,-0.38002687505322025
136,2020-04-27,0.04414026520046824,4.981691521933491,-0.6224256222887403
137,2020-04-28,0.03802739558923973,6.5273429206974765,-0.5675745429563906
138,2020-04-29,-0.03728794163719875,-6.171477937575226,-0.5684554517107896
139,2020-04-30,0.0013783599701217945,165.39666784742317,-0.6501996016654685
140,2020-05-01,-0.0006898930939371628,-315.5901773162286,-0.7025741771334613
141,2020-05-04,0.05014978368547203,5.360720722872856,-0.40653698668635563
142,2020-05-05,0.0034904049397688035,72.28686890301466,-0.6693143200911247
143,2020-05-06,0.03232888711536045,8.040694933200536,-0.6898345467892499
144,2020-05-07,0.026511125548332265,10.456611504733292,-0.569736413522254
145,2020-05-08,-0.017071087146638103,-15.785942964238515,-0.4923131993202943
146,2020-05-11,0.025009752326465788,11.878238893523667,-0.3537642841867782
147,2020-05-12,0.005982071677547691,50.19392394645925,-0.39103883275984985
148,2020-05-13,0.047252884850545754,7.838569218635088,-0.1202284746402284
149,2020-05-14,-0.022472855852058347,-11.848426372724516,-0.3668059231767814
150,2020-05-15,-0.01580019703118808,-18.109580488051147,-0.41292251417986925
151,2020-05-18,0.0032733253449693956,90.96389259411318,-0.3538503891555603
152,2020-05-19,-0.005259709692979585,-48.40872705005172,-0.14486705953259066
153,2020-05-20,0.002661345549514362,94.60971704223849,-0.3120048302102221
154,2020-05-21,-0.03214445332656708,-7.729525115088793,-0.25975274915901714
155,2020-05-22,0.0066445427186686175,38.26471993278081,-0.42428022108738356
156,2020-05-26,0.027713838567515893,8.996098646199929,-0.32598221287347634
157,2020-05-27,0.00067819602463828,351.69084261335394,-0.36717215914162527
158,2020-05-28,0.024129857059688162,12.604820184776978,-0.20265130335003673
159,2020-05-29,0.01571607338917889,14.41448730261903,-0.3618378886257369
160,2020-06-01,0.021168424437478343,10.302551391895902,-0.4285673372376188
161,2020-06-02,0.027472414499534345,8.527681767263438,-0.336231290882635
162,2020-06-03,0.011777067191019792,17.25379829457478,-0.4807427666238185
163,2020-06-04,-0.06869653128623504,-1.7145412359413261,-1.6001910629005247
164,2020-06-05,-0.0286455980769647,-6.245587322597519,-0.737401973382974
165,2020-06-08,0.026505119379996903,8.444197663503205,-0.2335207556458834
166,2020-06-09,-0.005354765137660146,-41.046331403615994,-0.03649532257666001
167,2020-06-10,0.01838528477074689,16.0143196704097,-0.08079292516836929
168,2020-06-11,-0.08137693068667322,-3.1953839856957775,-0.30584487730931936
169,2020-06-12,0.018656057325357495,15.682862891809267,-0.01304529855190078
170,2020-06-15,0.023607653736665207,13.008320347002767,-0.06684132675213826
171,2020-06-16,0.0032626456348161543,106.34020144400019,-0.03360181549705813
172,2020-06-17,0.03370377338450015,10.108292798706431,-0.05559333405901682
173,2020-06-18,0.045462374076757114,7.935461720084269,-0.043652682658170426
174,2020-06-19,0.06453852113757093,5.8057334261302715,0.013377714051356458
175,2020-06-22,0.054764085409974704,7.375252121016035,-0.030852322930192747
176,2020-06-23,0.06328773923591839,6.411637594922947,-0.08637259018556166
177,2020-06-24,0.07946887944109211,5.021680639113547,-0.0047028655473617675
178,2020-06-25,0.05789397841890244,7.111874712471446,-0.10254436457301484
179,2020-06-26,0.06241762956843334,6.368951451389839,-0.170345100855507
180,2020-06-29,0.0685423195532202,5.938574052562696,-0.07028449079650043
181,2020-06-30,0.05340606422139819,7.849045700340361,-0.09523059209940955
182,2020-07-01,0.09706171284313127,4.339645909165631,-0.14532461386746143
183,2020-07-02,0.19276076702601277,2.343440644663011,-0.08359737449095025
184,2020-07-06,0.13067832364211623,3.1579725781963175,-0.156152813725602
185,2020-07-07,0.06648581909265276,6.345954298472431,-0.16723831461008073
186,2020-07-08,0.08980383351160796,5.014499089214022,-0.13221982835740978
187,2020-07-09,0.08747212530724094,5.356156879104487,-0.057121758081269576
188,2020-07-10,0.11168228018200205,4.181710834937453,-0.06794119173096508
189,2020-07-13,0.0796013689388994,6.105711041804869,-0.0012106596274319315
190,2020-07-14,0.09689967768114668,4.977461249878462,0.018375332412217688
191,2020-07-15,0.13791920322851464,3.6097713817065653,0.101708804063214
192,2020-07-16,0.1924674903723031,2.940470215995047,0.26619492233061715
193,2020-07-17,0.13408679391622286,3.8831819488899617,0.16701300309623243
194,2020-07-20,0.15272103336959394,3.63450928725857,0.23065440419232894
195,2020-07-21,0.15986651212553904,3.4971776919077353,0.2296484214225798
196,2020-07-22,0.17310103882831196,3.183686976312906,0.2992866148540337
197,2020-07-23,0.21496992496851683,2.7767563209028494,0.4707012865207577
198,2020-07-24,0.2236434263558611,2.736798834566477,0.4004830035864974
199,2020-07-27,0.24705910271076797,2.514271581654956,0.4340240890857987
200,2020-07-28,0.2375503147417406,2.6149141566500678,0.4445460593179387
201,2020-07-29,0.22914057078658417,2.652148672466261,0.4616733945058962
202,2020-07-30,0.2340834418965589,2.600683270912378,0.49052775702083296
203,2020-07-31,0.2366137503309848,2.7577352024488837,0.5160954013234564
204,2020-08-03,0.2912693803618102,2.2864155132818054,0.5862179220788569
205,2020-08-04,0.2972067441247718,2.4196042916218414,0.5216909411239851
206,2020-08-05,0.27316001855658145,2.716127157443782,0.5051347504534266
207,2020-08-06,0.2246327548656777,3.089932346376934,0.4017179815911243
208,2020-08-07,0.22612417945234758,3.073770175811739,0.4011667495244559
209,2020-08-10,0.2056878333209362,3.376892650698447,0.3825647925993114
210,2020-08-11,0.20366087282895015,3.436534899669254,0.37761128780030584
211,2020-08-12,0.194356244766085,3.7574127081836406,0.4293704284187746
212,2020-08-13,0.12023363487682717,6.052985555234178,0.42529700981277613
213,2020-08-14,0.18868659834682824,4.013141600298488,0.4270964000687473
214,2020-08-17,0.2468937029715425,3.481935846831994,0.4868655449731884
215,2020-08-18,0.22298319648638096,3.6218974414039296,0.5094813872747938
216,2020-08-19,0.1752792299989293,4.4491143156687265,0.48584258533323393
217,2020-08-20,0.1601930447882726,4.9596390147295395,0.5187629362166556
218,2020-08-21,0.1309668438602327,5.81551084115045,0.5503246763307249
219,2020-08-24,0.08850275603895807,8.229897040328852,0.5279075554766194
220,2020-08-25,0.09485779345867701,7.666262818019819,0.5319835295124045
221,2020-08-26,0.13365599248495597,5.776232998023488,0.6013589283313268
222,2020-08-27,0.20779391206638198,4.149009385022037,0.6212109184805215
223,2020-08-28,0.18880958480933202,4.50522703602074,0.6419191553256235
224,2020-08-31,0.151812591317661,5.392734017632712,0.6564096081530555
225,2020-09-01,0.14552206540330914,5.589196953361241,0.6435093234885165
226,2020-09-02,0.10451986829517655,7.402235303652266,0.6305229410976658
227,2020-09-03,0.11460334027615761,6.682059352648622,0.6243311426623318
228,2020-09-04,0.17435338714477752,4.708715818569756,0.6626682649186914
229,2020-09-08,0.26857389655609976,3.3845113185548774,0.711367713097763
230,2020-09-09,0.27330372988014445,3.3379810599987647,0.6971844533373549
231,2020-09-10,0.17489529636021794,4.753364597967739,0.6788362563616321
232,2020-09-11,0.1923718460274103,4.3871808048994625,0.6919059207765106
233,2020-09-14,0.19753097545748302,4.350947140857995,0.7218454970459054
234,2020-09-15,0.1930212971766695,4.858379331371633,0.7369350743640011
235,2020-09-16,0.28006449359800867,3.5567934400990637,0.7590940685494748
236,2020-09-17,0.34288780062542873,2.9881969493275826,0.72671642303754
237,2020-09-18,0.3472936978128763,3.033264655504643,0.7076374139043822
238,2020-09-21,0.35157646216133837,2.9135284143221685,0.6894146444186178
239,2020-09-22,0.32225508697331107,3.061782334069782,0.6361788729609301
240,2020-09-23,0.3135879427876248,3.085859905353657,0.6571867403107424
241,2020-09-24,0.2152660404285212,4.215907920374704,0.6627997844843225
242,2020-09-25,0.21564261657043313,4.580549397485765,0.6720139201308438
243,2020-09-28,0.18165607257416816,5.214379386003909,0.6716584100203051
244,2020-09-29,0.23716992089474145,4.081183488084788,0.7125187661662253
245,2020-09-30,0.18326160255693058,4.8956201280027765,0.7001825918528783
246,2020-10-01,0.3003226059295887,3.277345328067414,0.7719344546221146
247,2020-10-02,0.28161274624209426,3.3764250575690324,0.7566360459476469
248,2020-10-05,0.247484882700368,3.92884259997721,0.766268582725925
249,2020-10-06,0.16196930226979572,5.977923043248498,0.7788990385166321
250,2020-10-07,0.16705409028003967,5.841198402687255,0.801324601051587
251,2020-10-08,0.22525978833866683,4.263841585162195,0.8147290445170853
252,2020-10-09,0.1768579726656836,5.296920574341269,0.7870296000406644
253,2020-10-12,0.10724553035359785,8.141750079108153,0.8126197634874641
254,2020-10-13,0.03697215953768455,24.142426736179804,0.800303943412997
255,2020-10-14,-0.04527457415812839,-19.381721666546927,0.7738448765807863
256,2020-10-15,-0.1480564348543153,-5.387539420899301,0.7347033246608049
257,2020-10-16,-0.19918529533582985,-3.9298050342302533,0.7116130533723953
258,2020-10-19,-0.13273851935600448,-6.369070529562047,0.7166160844497522
259,2020-10-20,-0.022015532633565003,-40.187664913028534,0.7404266821392893
260,2020-10-21,-0.09716371201049961,-8.30017591570553,0.7154400873182599
261,2020-10-22,-0.06348459286233744,-12.10658052528682,0.7202206236141981
262,2020-10-23,-0.1335313602411025,-5.863201483489981,0.7172632870080756
263,2020-10-26,-0.11974070957302808,-6.196513044989418,0.7304143973240725
264,2020-10-27,-0.18213164130577605,-4.055312503311308,0.7173956559086143
265,2020-10-28,-0.1325730456256636,-5.5170954988380165,0.715093886297487
266,2020-10-29,-0.15498153457184255,-5.010460063156962,0.7391758786098291
267,2020-10-30,-0.15719918604775207,-4.6154000639353026,0.7479966073877911
268,2020-11-02,-0.19034872910817682,-3.81292728326691,0.7373689433045857
269,2020-11-03,-0.16932223994501708,-4.480920205200061,0.7397697364520822
270,2020-11-04,-0.19219404736264306,-3.8436295083176986,0.7445572358750785
271,2020-11-05,-0.07071687473505177,-12.01486317463802,0.7818750401204807
272,2020-11-06,-0.045492385243430966,-18.551035504588366,0.7800954881735963
273,2020-11-09,0.0013550476098626524,596.704779354891,0.8381471661673423
274,2020-11-10,-0.035245972361707484,-22.428922550272755,0.8419546592239674
275,2020-11-11,0.008080852053938728,100.75734407307993,0.8529661447580432
276,2020-11-12,0.017654935238720693,42.63655081526806,0.8443123437382027
277,2020-11-13,0.05205360080045211,14.567155554528242,0.868011294413184
278,2020-11-16,0.02056900163132773,37.985615537496706,0.8687260885008802
279,2020-11-17,0.010400999827446838,80.1246516985406,0.8527430540516524
280,2020-11-18,0.0794818165149827,10.38936198867248,0.8521018116169411
281,2020-11-19,0.12251585048031634,6.874458223782901,0.8500484298265192
282,2020-11-20,0.16131539280664817,5.5353884855082764,0.8815769724027435
283,2020-11-23,0.19691132335488631,4.645497785094767,0.8904692863210872
284,2020-11-24,0.2333457935936455,4.024522555892781,0.9975455005885864
285,2020-11-25,0.3260182211953282,3.1549096549698494,0.9694994957216886
286,2020-11-27,0.29646165524050283,3.5143146094193005,0.9745967930186228
287,2020-11-30,0.3500915888493751,3.041612044363452,0.9857167473362356
288,2020-12-01,0.32485562563035825,3.2066681365757743,0.971822891304537
289,2020-12-02,0.26971729512665094,3.7533145094483977,0.9665625572536185
290,2020-12-03,0.2506902849370543,3.9405070121421417,0.9497801073034863
291,2020-12-04,0.13500087123530674,7.241463542959944,0.9616021173749243
292,2020-12-07,0.18316439992795117,5.501490291271261,0.9810969270940217
293,2020-12-08,0.1877232635886104,5.39289999036712,0.9848613369658556
294,2020-12-09,0.15557869437146296,6.284812911634517,0.9614021429310949
295,2020-12-10,0.09585877632535263,9.859449184500056,0.9541396277551392
296,2020-12-11,0.1709476241122927,5.601837800647156,0.9504165778339647
297,2020-12-14,0.16878673622885462,5.765984340771581,0.9720658294836658
298,2020-12-15,0.18301142115225974,5.568506001365266,0.9624463101458192
299,2020-12-16,0.08903983681008001,10.86235525378965,0.9729515056477265
300,2020-12-17,0.0742522469839117,12.64887752857374,0.9789322894165743
301,2020-12-18,0.004957868360787064,179.1920671168996,0.9136228880327542
302,2020-12-21,0.11360986062166324,9.113888917143244,0.9537170790364352
303,2020-12-22,0.11569213705373285,9.211273752750653,0.9322230401665793
304,2020-12-23,0.1330049382822765,8.361579619595606,0.9083635051958149
305,2020-12-24,0.0077135094254104225,138.70967696188458,0.8940792430301652
306,2020-12-28,0.06311820715227998,18.188685556091304,0.8889292805395873
307,2020-12-29,0.05474840202895606,21.265496763087413,0.8675968052349268
308,2020-12-30,0.09125660510708838,12.71158352389158,0.8610651317797594
