,Date,STMR,momentum,ltmr
0,2017-08-25,0.0,inf,2.0584651920655657
1,2017-08-28,0.0,inf,2.0584651920655657
2,2017-08-29,0.0,inf,2.0584651920655657
3,2017-08-30,0.0,inf,2.0584651920655657
4,2017-08-31,0.0,inf,2.0584651920655657
5,2017-09-01,0.0,inf,2.0584651920655657
6,2017-09-05,0.0,inf,2.0584651920655657
7,2017-09-06,0.0,inf,2.0871742401914415
8,2017-09-07,0.0,inf,2.0871742401914415
9,2017-09-08,0.0,inf,2.0871742401914415
10,2017-09-11,0.0,inf,2.0871742401914415
11,2017-09-12,0.0,inf,2.0871742401914415
12,2017-09-13,0.0,inf,2.0871742401914415
13,2017-09-14,0.0,inf,2.0871742401914415
14,2017-09-15,0.0,inf,2.0871742401914415
15,2017-09-18,0.0,inf,2.0871742401914415
16,2017-09-19,0.0,inf,2.0871742401914415
17,2017-09-20,0.0,inf,2.0871742401914415
18,2017-09-21,0.0,inf,2.0871742401914415
19,2017-09-22,0.0,inf,1.8991018464205793
20,2017-09-25,0.0,inf,1.8991018464205793
21,2017-09-26,0.0,inf,1.8991018464205793
22,2017-09-27,0.0,inf,1.8991018464205793
23,2017-09-28,0.0,inf,4.236797451154532
24,2017-09-29,0.0,inf,4.236797451154532
25,2017-10-02,0.0,inf,4.236797451154532
26,2017-10-03,0.0,inf,4.236797451154532
27,2017-10-04,0.0,inf,4.236797451154532
28,2017-10-05,0.0,inf,4.236797451154532
29,2017-10-06,0.0,inf,4.236797451154532
30,2017-10-09,0.0,inf,4.236797451154532
31,2017-10-10,0.0,inf,4.236797451154532
32,2017-10-11,0.0,inf,4.236797451154532
33,2017-10-12,0.0,inf,4.236797451154532
34,2017-10-13,0.0,inf,4.236797451154532
35,2017-10-16,0.0,inf,4.236797451154532
36,2017-10-17,0.0,inf,4.236797451154532
37,2017-10-18,0.0,inf,4.236797451154532
38,2017-10-19,0.0,inf,4.236797451154532
39,2017-10-20,0.0,inf,4.236797451154532
40,2017-10-23,0.0,inf,4.236797451154532
41,2017-10-24,0.0,inf,4.236797451154532
42,2017-10-25,0.0,inf,4.236797451154532
43,2017-10-26,0.0,inf,4.236797451154532
44,2017-10-27,0.0,inf,4.236797451154532
45,2017-10-30,0.0,inf,4.236797451154532
46,2017-10-31,0.0,inf,4.236797451154532
47,2017-11-01,0.0,inf,4.236797451154532
48,2017-11-02,0.0,inf,5.315969481960604
49,2017-11-03,0.0,inf,5.315969481960604
50,2017-11-06,0.0,inf,5.315969481960604
51,2017-11-07,0.0,inf,5.315969481960604
52,2017-11-08,0.0,inf,5.315969481960604
53,2017-11-09,0.0,inf,5.315969481960604
54,2017-11-10,0.0,inf,5.315969481960604
55,2017-11-13,0.0,inf,5.315969481960604
56,2017-11-14,0.0,inf,5.315969481960604
57,2017-11-15,0.0,inf,5.315969481960604
58,2017-11-16,0.0,inf,5.315969481960604
59,2017-11-17,0.0,inf,5.315969481960604
60,2017-11-20,0.0,inf,5.315969481960604
61,2017-11-21,0.0,inf,5.315969481960604
62,2017-11-22,0.0,inf,5.315969481960604
63,2017-11-24,0.0,inf,5.315969481960604
64,2017-11-27,0.0,inf,5.315969481960604
65,2017-11-28,0.0,inf,5.315969481960604
66,2017-11-29,0.0,inf,5.315969481960604
67,2017-11-30,-0.23723237309546666,-3.794962108947486,6.453258698046509
68,2017-12-01,-0.23723237309546666,-3.794962108947486,6.453258698046509
69,2017-12-04,-0.23723237309546666,-3.794962108947486,6.453258698046509
70,2017-12-05,-0.23723237309546666,-3.794962108947486,6.453258698046509
71,2017-12-06,-0.23723237309546666,-3.794962108947486,6.453258698046509
72,2017-12-07,-0.23723237309546666,-3.794962108947486,6.453258698046509
73,2017-12-08,-0.23723237309546666,-3.794962108947486,6.453258698046509
74,2017-12-11,-0.23723237309546666,-3.794962108947486,6.453258698046509
75,2017-12-12,-0.23723237309546666,-3.794962108947486,6.453258698046509
76,2017-12-13,-0.23723237309546666,-3.794962108947486,6.453258698046509
77,2017-12-14,-0.23723237309546666,-3.794962108947486,6.453258698046509
78,2017-12-15,-0.23723237309546666,-3.794962108947486,6.453258698046509
79,2017-12-18,-0.23723237309546666,-3.794962108947486,6.453258698046509
80,2017-12-19,-0.23723237309546666,-3.794962108947486,6.453258698046509
81,2017-12-20,-0.23723237309546666,-3.794962108947486,6.453258698046509
82,2017-12-21,-0.23723237309546666,-3.794962108947486,6.453258698046509
83,2017-12-22,-0.23723237309546666,-3.794962108947486,6.453258698046509
84,2017-12-26,-0.23723237309546666,-3.794962108947486,6.453258698046509
85,2017-12-27,0.9995287887258588,2.138056505064252,3.297328032710925
86,2017-12-28,1.028148596563872,1.181788864075921,5.8229249110548205
87,2017-12-29,1.2653809696593386,0.9602282562867872,5.8229249110548205
88,2018-01-02,1.2653809696593386,0.9602282562867872,5.8229249110548205
89,2018-01-03,1.2653809696593386,0.9602282562867872,5.8229249110548205
90,2018-01-04,1.2653809696593386,0.9602282562867872,5.8229249110548205
91,2018-01-05,1.2653809696593386,0.9602282562867872,5.8229249110548205
92,2018-01-08,1.2653809696593386,0.9602282562867872,5.8229249110548205
93,2018-01-09,1.2653809696593386,0.9602282562867872,5.8229249110548205
94,2018-01-10,1.2653809696593386,0.9602282562867872,5.8229249110548205
95,2018-01-11,1.2653809696593386,0.9602282562867872,5.8229249110548205
96,2018-01-12,1.2653809696593386,0.9602282562867872,5.8229249110548205
97,2018-01-16,1.2653809696593386,0.9602282562867872,5.476847460204696
98,2018-01-17,1.2653809696593386,0.9602282562867872,5.462639812282387
99,2018-01-18,1.2653809696593386,0.9602282562867872,5.462639812282387
100,2018-01-19,1.2653809696593386,0.9602282562867872,5.462639812282387
101,2018-01-22,1.2653809696593386,0.9602282562867872,5.462639812282387
102,2018-01-23,1.2653809696593386,0.9602282562867872,5.462639812282387
103,2018-01-24,1.2653809696593386,0.9602282562867872,5.462639812282387
104,2018-01-25,1.2653809696593386,0.9602282562867872,5.462639812282387
105,2018-01-26,0.02861980783801316,42.455021672808755,5.462639812282387
106,2018-01-29,0.0,inf,5.462639812282387
107,2018-01-30,0.0,inf,5.462639812282387
108,2018-01-31,0.0,inf,5.462639812282387
109,2018-02-01,0.0,inf,5.462639812282387
110,2018-02-02,0.0,inf,5.462639812282387
111,2018-02-05,0.0,inf,5.462639812282387
112,2018-02-06,0.0,inf,5.462639812282387
113,2018-02-07,0.0,inf,5.462639812282387
114,2018-02-08,0.0,inf,5.462639812282387
115,2018-02-09,0.0,inf,5.462639812282387
116,2018-02-12,0.0,inf,5.462639812282387
117,2018-02-13,0.0,inf,5.462639812282387
118,2018-02-14,0.0,inf,5.462639812282387
119,2018-02-15,0.0,inf,5.462639812282387
120,2018-02-16,0.0,inf,5.462639812282387
121,2018-02-20,0.0,inf,5.462639812282387
122,2018-02-21,0.0,inf,5.462639812282387
123,2018-02-22,0.0,inf,5.462639812282387
124,2018-02-23,0.0,inf,5.411799924797879
125,2018-02-26,0.0,inf,5.393989626273541
126,2018-02-27,0.0,inf,5.393989626273541
127,2018-02-28,0.0,inf,5.393989626273541
128,2018-03-01,0.0,inf,5.393989626273541
129,2018-03-02,0.0,inf,5.2967274870236825
130,2018-03-05,0.0,inf,5.2967274870236825
131,2018-03-06,0.0,inf,5.2967274870236825
132,2018-03-07,0.0,inf,5.2967274870236825
133,2018-03-08,0.0,inf,5.2967274870236825
134,2018-03-09,0.0,inf,5.2967274870236825
135,2018-03-12,0.0,inf,5.2967274870236825
136,2018-03-13,0.17445270521418024,8.05359517453291,4.763210791199338
137,2018-03-14,0.17445270521418024,8.05359517453291,4.763210791199338
138,2018-03-15,0.17445270521418024,8.05359517453291,4.763210791199338
139,2018-03-16,0.17445270521418024,8.05359517453291,4.763210791199338
140,2018-03-19,0.17445270521418024,8.05359517453291,4.763210791199338
141,2018-03-20,0.17445270521418024,8.05359517453291,4.763210791199338
142,2018-03-21,0.17445270521418024,8.05359517453291,4.763210791199338
143,2018-03-22,0.17445270521418024,8.05359517453291,4.763210791199338
144,2018-03-23,0.17445270521418024,8.05359517453291,4.4761632854877655
145,2018-03-26,0.17445270521418024,8.05359517453291,4.4761632854877655
146,2018-03-27,0.17445270521418024,8.05359517453291,4.4761632854877655
147,2018-03-28,0.17445270521418024,8.05359517453291,4.483420897670844
148,2018-03-29,0.17445270521418024,8.05359517453291,4.483420897670844
149,2018-04-02,0.17445270521418024,8.05359517453291,4.479264633435266
150,2018-04-03,0.17445270521418024,8.05359517453291,4.479264633435266
151,2018-04-04,0.17445270521418024,8.05359517453291,4.479264633435266
152,2018-04-05,0.17445270521418024,8.05359517453291,4.479264633435266
153,2018-04-06,0.16943745879837355,8.262377330311837,4.49172885856754
154,2018-04-09,0.16943745879837355,8.262377330311837,4.51497762244803
155,2018-04-10,0.16943745879837355,8.262377330311837,4.51497762244803
156,2018-04-11,-0.005015246415806693,-279.14006659155297,4.51497762244803
157,2018-04-12,-0.005015246415806693,-279.14006659155297,4.51497762244803
158,2018-04-13,-0.005015246415806693,-279.14006659155297,4.51497762244803
159,2018-04-16,-0.005015246415806693,-279.14006659155297,4.51497762244803
160,2018-04-17,-0.005015246415806693,-279.14006659155297,4.51497762244803
161,2018-04-18,-0.005015246415806693,-279.14006659155297,4.51497762244803
162,2018-04-19,-0.005015246415806693,-279.14006659155297,4.51497762244803
163,2018-04-20,-0.005015246415806693,-279.14006659155297,4.51497762244803
164,2018-04-23,-0.005015246415806693,-279.14006659155297,4.51497762244803
165,2018-04-24,-0.005015246415806693,-279.14006659155297,4.51497762244803
166,2018-04-25,-0.005015246415806693,-279.14006659155297,4.51497762244803
167,2018-04-26,-0.005015246415806693,-279.14006659155297,4.51497762244803
168,2018-04-27,-0.005015246415806693,-279.14006659155297,4.51497762244803
169,2018-04-30,-0.005015246415806693,-279.14006659155297,4.51497762244803
170,2018-05-01,-0.005015246415806693,-279.14006659155297,4.51497762244803
171,2018-05-02,-0.005015246415806693,-279.14006659155297,4.51497762244803
172,2018-05-03,-0.005015246415806693,-279.14006659155297,4.51497762244803
173,2018-05-04,0.0,inf,4.51497762244803
174,2018-05-07,0.0,inf,4.51497762244803
175,2018-05-08,0.0,inf,4.51497762244803
176,2018-05-09,0.0,inf,4.51497762244803
177,2018-05-10,0.0,inf,4.51497762244803
178,2018-05-11,0.0,inf,4.51497762244803
179,2018-05-14,0.0,inf,4.51497762244803
180,2018-05-15,0.0,inf,4.51497762244803
181,2018-05-16,0.0,inf,4.547951540599013
182,2018-05-17,0.0,inf,4.547951540599013
183,2018-05-18,0.0,inf,4.547951540599013
184,2018-05-21,0.0,inf,4.547951540599013
185,2018-05-22,0.0,inf,4.547951540599013
186,2018-05-23,0.0,inf,4.547951540599013
187,2018-05-24,0.0,inf,4.547951540599013
188,2018-05-25,0.0,inf,4.547951540599013
189,2018-05-29,0.0,inf,4.547951540599013
190,2018-05-30,0.0,inf,4.547951540599013
191,2018-05-31,0.0,inf,4.547951540599013
192,2018-06-01,0.0,inf,4.547951540599013
193,2018-06-04,0.0,inf,4.547951540599013
194,2018-06-05,0.0,inf,4.547951540599013
195,2018-06-06,0.0,inf,4.547951540599013
196,2018-06-07,0.0,inf,4.547951540599013
197,2018-06-08,0.0,inf,4.547951540599013
198,2018-06-11,0.0,inf,4.547951540599013
199,2018-06-12,0.0,inf,4.547951540599013
200,2018-06-13,0.0,inf,4.547951540599013
201,2018-06-14,0.0,inf,4.547951540599013
202,2018-06-15,0.0,inf,4.653204626373738
203,2018-06-18,0.0,inf,4.653204626373738
204,2018-06-19,0.0,inf,4.653204626373738
205,2018-06-20,0.0,inf,4.653204626373738
206,2018-06-21,0.07147603076938011,20.586373269639648,4.475747209347234
207,2018-06-22,0.07147603076938011,20.586373269639648,4.475747209347234
208,2018-06-25,0.07147603076938011,20.586373269639648,4.47327139622002
209,2018-06-26,0.07147603076938011,20.586373269639648,4.484484280393543
210,2018-06-27,0.07147603076938011,20.586373269639648,4.495885273890444
211,2018-06-28,0.07147603076938011,20.586373269639648,4.49716393833501
212,2018-06-29,0.07147603076938011,20.586373269639648,4.439524962790178
213,2018-07-02,0.07147603076938011,20.586373269639648,4.439524962790178
214,2018-07-03,0.07147603076938011,20.586373269639648,4.439524962790178
215,2018-07-05,0.07147603076938011,20.586373269639648,4.439524962790178
216,2018-07-06,0.07295553686418434,20.189170262532883,4.4360700388090155
217,2018-07-09,0.07295553686418434,20.189170262532883,4.4360700388090155
218,2018-07-10,0.07295553686418434,20.189170262532883,4.4360700388090155
219,2018-07-11,0.07295553686418434,20.189170262532883,4.4360700388090155
220,2018-07-12,0.07295553686418434,20.189170262532883,4.4360700388090155
221,2018-07-13,0.07295553686418434,18.057923950239424,4.959627339046835
222,2018-07-16,0.07295553686418434,18.057923950239424,4.959627339046835
223,2018-07-17,0.07295553686418434,18.057923950239424,4.959627339046835
224,2018-07-18,0.07295553686418434,18.057923950239424,4.959627339046835
225,2018-07-19,0.07295553686418434,18.057923950239424,4.959627339046835
226,2018-07-20,0.0014795060948042268,890.4495500687043,4.959627339046835
227,2018-07-23,0.0014795060948042268,858.7606341659256,5.142641333172014
228,2018-07-24,0.0014795060948042268,858.7606341659256,5.142641333172014
229,2018-07-25,0.0014795060948042268,858.7606341659256,5.142641333172014
230,2018-07-26,0.0014795060948042268,858.7606341659256,5.142641333172014
231,2018-07-27,0.0014795060948042268,858.7606341659256,5.142641333172014
232,2018-07-30,0.0014795060948042268,858.7606341659256,5.142641333172014
233,2018-07-31,0.0014795060948042268,858.7606341659256,5.142641333172014
234,2018-08-01,0.0014795060948042268,858.7606341659256,5.142641333172014
235,2018-08-02,0.0014795060948042268,858.7606341659256,5.142641333172014
236,2018-08-03,0.0,inf,5.142641333172014
237,2018-08-06,0.0,inf,5.142641333172014
238,2018-08-07,0.0,inf,5.142641333172014
239,2018-08-08,0.0,inf,5.142641333172014
240,2018-08-09,0.0,inf,5.142641333172014
241,2018-08-10,0.0,inf,5.142641333172014
242,2018-08-13,0.0,inf,5.142641333172014
243,2018-08-14,0.0,inf,5.142641333172014
244,2018-08-15,0.0,inf,5.142641333172014
245,2018-08-16,0.0,inf,5.142641333172014
246,2018-08-17,0.0,inf,5.142641333172014
247,2018-08-20,0.0,inf,5.142641333172014
248,2018-08-21,0.0,inf,5.142641333172014
249,2018-08-22,0.0,inf,5.142641333172014
250,2018-08-23,0.0,inf,5.142641333172014
251,2018-08-24,0.0,inf,5.142641333172014
252,2018-08-27,0.0,inf,5.142641333172014
253,2018-08-28,0.0,inf,5.142641333172014
254,2018-08-29,0.0,inf,5.142641333172014
255,2018-08-30,0.0,inf,5.142641333172014
256,2018-08-31,0.0,inf,5.142641333172014
257,2018-09-04,0.0,inf,5.142641333172014
258,2018-09-05,0.0,inf,5.142641333172014
259,2018-09-06,0.0,inf,5.142641333172014
260,2018-09-07,0.0,inf,5.142641333172014
261,2018-09-10,0.0,inf,5.142641333172014
262,2018-09-11,0.0,inf,5.142641333172014
263,2018-09-12,0.0,inf,5.142641333172014
264,2018-09-13,0.0,inf,5.142641333172014
265,2018-09-14,0.0,inf,5.142641333172014
266,2018-09-17,0.0,inf,5.142641333172014
267,2018-09-18,0.0,inf,5.142641333172014
268,2018-09-19,0.0,inf,5.142641333172014
269,2018-09-20,0.0,inf,5.142641333172014
270,2018-09-21,0.0,inf,5.142641333172014
271,2018-09-24,0.0,inf,4.6032404566874785
272,2018-09-25,0.0,inf,4.6032404566874785
273,2018-09-26,0.0,inf,4.6032404566874785
274,2018-09-27,0.0,inf,4.6032404566874785
275,2018-09-28,0.0,inf,4.6032404566874785
276,2018-10-01,0.0,inf,4.6032404566874785
277,2018-10-02,-0.05434103878546646,-22.380885250324603,4.7642367897809255
278,2018-10-03,-0.05434103878546646,-22.380885250324603,4.7642367897809255
279,2018-10-04,-0.05434103878546646,-22.380885250324603,4.7642367897809255
280,2018-10-05,-0.05434103878546646,-22.380885250324603,4.7642367897809255
281,2018-10-08,-0.05434103878546646,-22.380885250324603,4.7642367897809255
282,2018-10-09,-0.05434103878546646,-22.380885250324603,4.7642367897809255
283,2018-10-10,-0.05434103878546646,-22.380885250324603,4.7642367897809255
284,2018-10-11,-0.05434103878546646,-22.380885250324603,4.7642367897809255
285,2018-10-12,-0.05434103878546646,-22.380885250324603,5.078142600840154
286,2018-10-15,-0.05434103878546646,-22.380885250324603,5.078142600840154
287,2018-10-16,-0.05434103878546646,-22.380885250324603,5.078142600840154
288,2018-10-17,-0.05434103878546646,-22.380885250324603,5.078142600840154
289,2018-10-18,-0.05434103878546646,-22.380885250324603,5.087648288342406
290,2018-10-19,-0.05434103878546646,-22.380885250324603,5.087648288342406
291,2018-10-22,-0.05434103878546646,-22.380885250324603,5.04419946633285
292,2018-10-23,-0.05434103878546646,-22.380885250324603,5.04419946633285
293,2018-10-24,-0.05434103878546646,-22.380885250324603,5.04419946633285
294,2018-10-25,-0.05434103878546646,-22.380885250324603,5.04419946633285
295,2018-10-26,-0.05434103878546646,-22.380885250324603,5.04419946633285
296,2018-10-29,-0.05434103878546646,-22.380885250324603,5.04419946633285
297,2018-10-30,0.0,inf,5.04419946633285
298,2018-10-31,0.0,inf,5.04419946633285
299,2018-11-01,0.0,inf,5.04419946633285
300,2018-11-02,0.0,inf,5.04419946633285
301,2018-11-05,0.0,inf,5.04419946633285
302,2018-11-06,0.0,inf,5.04419946633285
303,2018-11-07,0.0,inf,5.04419946633285
304,2018-11-08,0.0,inf,5.04419946633285
305,2018-11-09,0.0,inf,5.04419946633285
306,2018-11-12,0.0,inf,5.04419946633285
307,2018-11-13,0.0,inf,5.04419946633285
308,2018-11-14,0.0,inf,5.04419946633285
309,2018-11-15,0.0,inf,5.04419946633285
310,2018-11-16,0.0,inf,5.04419946633285
311,2018-11-19,0.0,inf,5.04419946633285
312,2018-11-20,0.0,inf,5.04419946633285
313,2018-11-21,0.0,inf,5.04419946633285
314,2018-11-23,0.0,inf,5.04419946633285
315,2018-11-26,0.0,inf,5.04419946633285
316,2018-11-27,0.0,inf,5.04419946633285
317,2018-11-28,0.0,inf,5.04419946633285
318,2018-11-29,0.0,inf,4.957266357437367
319,2018-11-30,0.0,inf,4.148130937033975
320,2018-12-03,0.0,inf,4.148130937033975
321,2018-12-04,0.0,inf,4.148130937033975
322,2018-12-06,0.0,inf,4.148130937033975
323,2018-12-07,0.0,inf,4.148130937033975
324,2018-12-10,0.0,inf,4.148130937033975
325,2018-12-11,0.0,inf,4.148130937033975
326,2018-12-12,0.0,inf,4.148130937033975
327,2018-12-13,0.0,inf,4.148130937033975
328,2018-12-14,0.0,inf,4.148130937033975
329,2018-12-17,0.0,inf,4.148130937033975
330,2018-12-18,0.0,inf,4.148130937033975
331,2018-12-19,0.0,inf,4.148130937033975
332,2018-12-20,0.0,inf,4.148130937033975
333,2018-12-21,0.0,inf,4.148130937033975
334,2018-12-24,0.0,inf,4.125008095740449
335,2018-12-26,0.0,inf,4.125008095740449
336,2018-12-27,0.0,inf,4.125008095740449
337,2018-12-28,0.0,inf,27.670530105580273
338,2018-12-31,0.0,inf,31.88173464473462
339,2019-01-02,0.0,inf,31.88173464473462
340,2019-01-03,0.0,inf,31.88173464473462
341,2019-01-04,0.0,inf,31.88173464473462
342,2019-01-07,0.0,inf,31.88173464473462
343,2019-01-08,0.0,inf,31.88173464473462
344,2019-01-09,0.0,inf,31.88173464473462
345,2019-01-10,0.0,inf,31.88173464473462
346,2019-01-11,0.0,inf,31.88173464473462
347,2019-01-14,0.0,inf,31.88173464473462
348,2019-01-15,0.0,inf,31.88173464473462
349,2019-01-16,0.0,inf,31.88173464473462
350,2019-01-17,0.0,inf,31.88173464473462
351,2019-01-18,0.0,inf,31.88173464473462
352,2019-01-22,0.0,inf,31.88173464473462
353,2019-01-23,0.0,inf,31.88173464473462
354,2019-01-24,0.0,inf,31.88173464473462
355,2019-01-25,0.0,inf,31.88173464473462
356,2019-01-28,0.0,inf,31.88173464473462
357,2019-01-29,0.0,inf,31.88173464473462
358,2019-01-30,0.0,inf,31.88173464473462
359,2019-01-31,0.0,inf,31.88173464473462
360,2019-02-01,0.0,inf,31.88173464473462
361,2019-02-04,0.0,inf,31.88173464473462
362,2019-02-05,0.0,inf,31.88173464473462
363,2019-02-06,0.0,inf,31.88173464473462
364,2019-02-07,0.0,inf,31.88173464473462
365,2019-02-08,0.0,inf,31.88173464473462
366,2019-02-11,0.0,inf,31.88173464473462
367,2019-02-12,0.0,inf,31.88173464473462
368,2019-02-13,0.0,inf,31.88173464473462
369,2019-02-14,0.0,inf,31.88173464473462
370,2019-02-15,0.0,inf,31.88173464473462
371,2019-02-19,0.0,inf,31.88173464473462
372,2019-02-20,0.0,inf,31.88173464473462
373,2019-02-21,0.0,inf,31.88173464473462
374,2019-02-22,0.0,inf,31.88173464473462
375,2019-02-25,0.0,inf,31.88173464473462
376,2019-02-26,0.0,inf,31.88173464473462
377,2019-02-27,0.0,inf,31.88173464473462
378,2019-02-28,0.0,inf,31.88173464473462
379,2019-03-01,0.0,inf,31.88173464473462
380,2019-03-04,0.0,inf,31.88173464473462
381,2019-03-05,0.0,inf,31.88173464473462
382,2019-03-06,0.0,inf,31.88173464473462
383,2019-03-07,0.0,inf,31.88173464473462
384,2019-03-08,0.0,inf,31.88173464473462
385,2019-03-11,0.0,inf,31.88173464473462
386,2019-03-12,0.0,inf,31.88173464473462
387,2019-03-13,0.0,inf,31.88173464473462
388,2019-03-14,0.0,inf,440.86415467474853
389,2019-03-15,0.0,inf,440.86415467474853
390,2019-03-18,0.0,inf,440.86415467474853
391,2019-03-19,0.0,inf,440.86415467474853
392,2019-03-20,0.0,inf,440.86415467474853
393,2019-03-21,0.0,inf,440.86415467474853
394,2019-03-22,0.0,inf,440.86415467474853
395,2019-03-25,0.011363743651914442,2.196722847634822,240.62762727287645
396,2019-03-26,0.011363743651914442,2.196722847634822,174.4163306051138
397,2019-03-27,0.011363743651914442,2.196722847634822,174.4163306051138
398,2019-03-28,0.011363743651914442,2.196722847634822,174.4163306051138
399,2019-03-29,0.011363743651914442,2.196722847634822,174.4163306051138
400,2019-04-01,0.011363743651914442,2.196722847634822,174.4163306051138
401,2019-04-02,0.011363743651914442,2.196722847634822,174.4163306051138
402,2019-04-03,0.011363743651914442,2.196722847634822,174.4163306051138
403,2019-04-04,0.011363743651914442,2.196722847634822,174.4163306051138
404,2019-04-05,0.011363743651914442,2.196722847634822,174.4163306051138
405,2019-04-08,0.011363743651914442,2.638060365395686,145.23713841681322
406,2019-04-09,0.011363743651914442,2.638060365395686,145.23713841681322
407,2019-04-10,0.011363743651914442,2.638060365395686,145.23713841681322
408,2019-04-11,0.011363743651914442,2.638060365395686,145.6965874092347
409,2019-04-12,0.011363743651914442,2.638060365395686,145.6965874092347
410,2019-04-15,0.011363743651914442,2.638060365395686,145.6965874092347
411,2019-04-16,0.011363743651914442,2.638060365395686,145.6965874092347
412,2019-04-17,0.011363743651914442,2.638060365395686,145.6965874092347
413,2019-04-18,0.011363743651914442,2.638060365395686,145.6965874092347
414,2019-04-22,0.011363743651914442,2.638060365395686,145.6965874092347
415,2019-04-23,0.0,inf,145.6965874092347
416,2019-04-24,0.0,inf,145.6965874092347
417,2019-04-25,0.0,inf,145.6965874092347
418,2019-04-26,0.0,inf,145.6965874092347
419,2019-04-29,0.0,inf,145.6965874092347
420,2019-04-30,0.0,inf,145.6965874092347
421,2019-05-01,0.0,inf,145.6965874092347
422,2019-05-02,0.0,inf,145.6965874092347
423,2019-05-03,0.0,inf,145.6965874092347
424,2019-05-06,0.0,inf,145.6965874092347
425,2019-05-07,0.0,inf,145.6965874092347
426,2019-05-08,0.0,inf,145.6965874092347
427,2019-05-09,0.0,inf,145.6965874092347
428,2019-05-10,0.0,inf,145.6965874092347
429,2019-05-13,0.0,inf,145.6965874092347
430,2019-05-14,0.0,inf,145.6965874092347
431,2019-05-15,0.0,inf,145.6965874092347
432,2019-05-16,0.0,inf,145.6965874092347
433,2019-05-17,0.0,inf,145.6965874092347
434,2019-05-20,0.0,inf,145.6965874092347
435,2019-05-21,0.0,inf,145.6965874092347
436,2019-05-22,0.0,inf,145.6965874092347
437,2019-05-23,0.0,inf,145.6965874092347
438,2019-05-24,0.0,inf,145.6965874092347
439,2019-05-28,0.0,inf,145.6965874092347
440,2019-05-29,0.0,inf,145.6965874092347
441,2019-05-30,0.0,inf,145.6965874092347
442,2019-05-31,0.0,inf,145.6965874092347
443,2019-06-03,0.0,inf,145.6965874092347
444,2019-06-04,0.0,inf,145.6965874092347
445,2019-06-05,0.0,inf,145.6965874092347
446,2019-06-06,0.0,inf,145.6965874092347
447,2019-06-07,0.0,inf,145.6965874092347
448,2019-06-10,0.0,inf,145.6965874092347
449,2019-06-11,0.0,inf,145.6965874092347
450,2019-06-12,0.0,inf,145.6965874092347
451,2019-06-13,0.0,inf,145.6965874092347
452,2019-06-14,0.0,inf,145.6965874092347
453,2019-06-17,0.0,inf,145.6965874092347
454,2019-06-18,0.0,inf,145.6965874092347
455,2019-06-19,0.0,inf,145.6965874092347
456,2019-06-20,0.0,inf,145.6965874092347
457,2019-06-21,0.0,inf,145.6965874092347
458,2019-06-24,0.0,-inf,-105.25205361191544
459,2019-06-25,0.0,-inf,-105.25205361191544
460,2019-06-26,0.832343050260527,0.9501434065848705,6.575332523215935
461,2019-06-27,0.832343050260527,0.9501434065848705,6.575332523215935
462,2019-06-28,0.832343050260527,0.9501434065848705,6.575332523215935
463,2019-07-01,0.832343050260527,0.9501434065848705,6.575332523215935
464,2019-07-02,0.832343050260527,0.9501434065848705,6.575332523215935
465,2019-07-03,0.832343050260527,0.9501434065848705,6.575332523215935
466,2019-07-05,0.832343050260527,0.9501434065848705,6.575332523215935
467,2019-07-08,0.832343050260527,0.9501434065848705,6.575332523215935
468,2019-07-09,0.832343050260527,0.9483658869740068,6.587656651137975
469,2019-07-10,0.832343050260527,0.9483658869740068,6.587656651137975
470,2019-07-11,0.832343050260527,0.9483658869740068,6.587656651137975
471,2019-07-12,0.832343050260527,0.9483658869740068,6.587656651137975
472,2019-07-15,0.832343050260527,0.9483658869740068,6.587656651137975
473,2019-07-16,0.832343050260527,0.9483658869740068,6.587656651137975
474,2019-07-17,0.832343050260527,0.9483658869740068,6.587656651137975
475,2019-07-18,0.832343050260527,0.9483658869740068,6.587656651137975
476,2019-07-19,0.832343050260527,0.9483658869740068,6.587656651137975
477,2019-07-22,0.832343050260527,0.9483658869740068,6.587656651137975
478,2019-07-23,0.832343050260527,0.9483658869740068,6.587656651137975
479,2019-07-24,0.832343050260527,0.9483658869740068,6.587656651137975
480,2019-07-25,0.0,inf,6.587656651137975
481,2019-07-26,0.0,inf,6.587656651137975
482,2019-07-29,0.0,inf,6.587656651137975
483,2019-07-30,0.0,inf,6.587656651137975
484,2019-07-31,0.0,inf,6.587656651137975
485,2019-08-01,0.0,inf,6.587656651137975
486,2019-08-02,0.0,inf,6.587656651137975
487,2019-08-05,0.0,inf,6.587656651137975
488,2019-08-06,0.0,inf,6.587656651137975
489,2019-08-07,0.0,inf,6.587656651137975
490,2019-08-08,0.0,inf,6.587656651137975
491,2019-08-09,0.0,inf,6.587656651137975
492,2019-08-12,0.0,inf,6.587656651137975
493,2019-08-13,0.0,inf,6.587656651137975
494,2019-08-14,0.0,inf,6.587656651137975
495,2019-08-15,0.0,inf,6.587656651137975
496,2019-08-16,0.0,inf,6.587656651137975
497,2019-08-19,0.0,inf,6.587656651137975
498,2019-08-20,0.0,inf,6.587656651137975
499,2019-08-21,0.0,inf,6.587656651137975
500,2019-08-22,0.0,inf,6.587656651137975
501,2019-08-23,0.0,inf,6.587656651137975
502,2019-08-26,0.0,inf,6.587656651137975
503,2019-08-27,0.0,inf,6.587656651137975
504,2019-08-28,0.0,inf,6.587656651137975
505,2019-08-29,0.0,inf,6.587656651137975
506,2019-08-30,0.0,inf,6.587656651137975
507,2019-09-03,0.0,inf,6.587656651137975
508,2019-09-04,0.0,inf,6.587656651137975
509,2019-09-05,0.0,inf,6.587656651137975
510,2019-09-06,0.0,inf,6.587656651137975
511,2019-09-09,0.0,inf,6.587656651137975
512,2019-09-10,0.0,inf,6.587656651137975
513,2019-09-11,0.0,inf,6.587656651137975
514,2019-09-12,0.0,inf,6.587656651137975
515,2019-09-13,0.0,inf,6.587656651137975
516,2019-09-16,0.0,inf,6.587656651137975
517,2019-09-17,0.0,inf,6.587656651137975
518,2019-09-18,0.0,inf,6.587656651137975
519,2019-09-19,0.0,inf,6.587656651137975
520,2019-09-20,0.0,inf,6.587656651137975
521,2019-09-23,0.0,inf,6.587656651137975
522,2019-09-24,0.0,inf,6.587656651137975
523,2019-09-25,0.0,inf,6.587656651137975
524,2019-09-26,0.0,inf,4.417685976137002
525,2019-09-27,0.0,inf,4.417685976137002
526,2019-09-30,0.0,inf,4.417685976137002
527,2019-10-01,0.0,inf,4.417685976137002
528,2019-10-02,0.0,inf,4.417685976137002
529,2019-10-03,0.0,inf,4.133153900890747
530,2019-10-04,0.0,inf,4.133153900890747
531,2019-10-07,0.0,inf,4.133153900890747
532,2019-10-08,0.0,inf,4.133153900890747
533,2019-10-09,0.0,inf,4.133153900890747
534,2019-10-10,0.0,inf,4.133153900890747
535,2019-10-11,0.0,inf,4.133153900890747
536,2019-10-14,0.0,inf,4.133153900890747
537,2019-10-15,0.0,inf,4.133153900890747
538,2019-10-16,0.0,inf,4.133153900890747
539,2019-10-17,0.0,inf,4.133153900890747
540,2019-10-18,0.0,inf,4.133153900890747
541,2019-10-21,0.0,inf,4.133153900890747
542,2019-10-22,0.0,inf,4.133153900890747
543,2019-10-23,0.0,inf,4.133153900890747
544,2019-10-24,0.0,inf,4.133153900890747
545,2019-10-25,0.0,inf,4.133153900890747
546,2019-10-28,0.0,inf,4.133153900890747
547,2019-10-29,0.0,inf,4.133153900890747
548,2019-10-30,0.0,inf,4.133153900890747
549,2019-10-31,0.0,inf,3.7897378691651085
550,2019-11-01,0.0,inf,3.7897378691651085
551,2019-11-04,0.0,inf,3.7897378691651085
552,2019-11-05,0.0,inf,3.7897378691651085
553,2019-11-06,0.0,inf,3.7897378691651085
554,2019-11-07,0.0,inf,3.7897378691651085
555,2019-11-08,0.0,inf,3.7897378691651085
556,2019-11-11,0.0,inf,3.7897378691651085
557,2019-11-12,0.0,inf,3.7897378691651085
558,2019-11-13,0.0,inf,3.7897378691651085
559,2019-11-14,0.0,inf,3.7897378691651085
560,2019-11-15,0.0,inf,3.7897378691651085
561,2019-11-18,0.0,inf,3.7897378691651085
562,2019-11-19,0.0,inf,3.7897378691651085
563,2019-11-20,0.0,inf,3.7897378691651085
564,2019-11-21,0.0,inf,3.7897378691651085
565,2019-11-22,0.0,inf,3.7897378691651085
566,2019-11-25,0.0,inf,3.7897378691651085
567,2019-11-26,0.0,inf,3.7897378691651085
568,2019-11-27,0.0,inf,3.7897378691651085
569,2019-11-29,0.0,inf,3.7897378691651085
570,2019-12-02,0.0,inf,3.7897378691651085
571,2019-12-03,0.0,inf,3.7897378691651085
572,2019-12-04,0.0,inf,3.7897378691651085
573,2019-12-05,0.0,inf,3.7897378691651085
574,2019-12-06,0.0,inf,3.7897378691651085
575,2019-12-09,0.0,inf,3.7897378691651085
576,2019-12-10,0.0,inf,3.7897378691651085
577,2019-12-11,0.0,inf,3.7897378691651085
578,2019-12-12,0.0,inf,3.7897378691651085
579,2019-12-13,0.0,inf,3.7897378691651085
580,2019-12-16,0.0,inf,3.7897378691651085
581,2019-12-17,0.0,inf,3.7897378691651085
582,2019-12-18,0.0,inf,3.7897378691651085
583,2019-12-19,0.0,inf,3.7897378691651085
584,2019-12-20,0.0,inf,3.7897378691651085
585,2019-12-23,0.0,inf,3.7897378691651085
586,2019-12-24,0.0,inf,3.7897378691651085
587,2019-12-26,0.0,inf,2.6630262183916638
588,2019-12-27,0.8931907634912314,1.9445986550674002,1.8078234164880373
589,2019-12-30,0.8931907634912314,1.9445986550674002,1.8078234164880373
590,2019-12-31,0.8931907634912314,1.9445986550674002,1.8078234164880373
591,2020-01-02,0.8931907634912314,1.9445986550674002,1.8078234164880373
592,2020-01-03,0.8931907634912314,1.9445986550674002,1.8078234164880373
593,2020-01-06,0.8931907634912314,1.9445986550674002,1.8078234164880373
594,2020-01-07,0.8931907634912314,1.9445986550674002,1.8078234164880373
595,2020-01-08,0.8931907634912314,1.9445986550674002,1.8078234164880373
596,2020-01-09,0.8931907634912314,1.9445986550674002,1.8078234164880373
597,2020-01-10,0.8931907634912314,1.9445986550674002,1.8078234164880373
598,2020-01-13,0.8931907634912314,1.9445986550674002,1.8078234164880373
599,2020-01-14,0.8931907634912314,1.9445986550674002,1.8078234164880373
600,2020-01-15,0.8931907634912314,1.9445986550674002,1.8078234164880373
601,2020-01-16,0.8931907634912314,1.9445986550674002,1.8078234164880373
602,2020-01-17,0.8931907634912314,1.9445986550674002,1.8078234164880373
603,2020-01-21,0.8931907634912314,1.9445986550674002,1.8078234164880373
604,2020-01-22,0.8931907634912314,1.9445986550674002,1.8078234164880373
605,2020-01-23,0.8931907634912314,1.9445986550674002,1.8078234164880373
606,2020-01-24,0.8931907634912314,1.9445986550674002,1.8078234164880373
607,2020-01-27,0.8931907634912314,1.9445986550674002,1.8078234164880373
608,2020-01-28,0.0,inf,1.8078234164880373
609,2020-01-29,0.0,inf,1.8078234164880373
610,2020-01-30,0.0,inf,1.8078234164880373
611,2020-01-31,0.0,inf,1.8078234164880373
612,2020-02-03,0.0,inf,1.8078234164880373
613,2020-02-04,0.0,inf,1.8078234164880373
614,2020-02-05,0.0,inf,1.8078234164880373
615,2020-02-06,0.0,inf,1.8078234164880373
616,2020-02-07,0.0,inf,1.8078234164880373
617,2020-02-10,0.0,inf,1.8078234164880373
618,2020-02-11,0.2449885477464373,8.089709185922269,1.7079652636271392
619,2020-02-12,0.2449885477464373,8.089709185922269,1.7079652636271392
620,2020-02-13,0.2449885477464373,8.089709185922269,1.7079652636271392
621,2020-02-14,0.2449885477464373,8.089709185922269,1.7079652636271392
622,2020-02-18,0.2449885477464373,8.089709185922269,1.7079652636271392
623,2020-02-19,0.2449885477464373,8.089709185922269,1.7079652636271392
624,2020-02-20,0.2449885477464373,8.089709185922269,1.7079652636271392
625,2020-02-21,0.2449885477464373,8.089709185922269,1.7137246993523338
626,2020-02-24,0.2449885477464373,8.089709185922269,1.7157680317116917
627,2020-02-25,0.2449885477464373,8.089709185922269,1.7157680317116917
628,2020-02-26,0.2449885477464373,8.089709185922269,1.7157680317116917
629,2020-02-27,0.2449885477464373,8.089709185922269,1.7157680317116917
630,2020-02-28,0.2449885477464373,8.089709185922269,1.7157680317116917
631,2020-03-02,0.2449885477464373,8.089709185922269,1.7157680317116917
632,2020-03-03,0.2449885477464373,8.089709185922269,1.7157680317116917
633,2020-03-04,0.2449885477464373,8.089709185922269,1.7157680317116917
634,2020-03-05,0.19510458865471467,9.902392144541194,1.7342490376908588
635,2020-03-06,0.19510458865471467,9.902392144541194,1.7342490376908588
636,2020-03-09,0.19510458865471467,9.902392144541194,1.7342490376908588
637,2020-03-10,0.19510458865471467,9.902392144541194,1.7342490376908588
638,2020-03-11,-0.04988395909172263,-38.729928041717315,1.7342490376908588
639,2020-03-12,-0.04988395909172263,-38.729928041717315,1.7342490376908588
640,2020-03-13,-0.04988395909172263,-38.729928041717315,1.7342490376908588
641,2020-03-16,-0.04988395909172263,-38.729928041717315,1.7342490376908588
642,2020-03-17,-0.04988395909172263,-38.729928041717315,1.7342490376908588
643,2020-03-18,-0.04988395909172263,-38.729928041717315,1.7342490376908588
644,2020-03-19,-0.04988395909172263,-38.729928041717315,1.7342490376908588
645,2020-03-20,-0.04988395909172263,-38.729928041717315,1.7342490376908588
646,2020-03-23,-0.04988395909172263,-38.729928041717315,1.7342490376908588
647,2020-03-24,-0.04988395909172263,-38.50212447803025,1.7445099808586126
648,2020-03-25,-0.04988395909172263,-38.50212447803025,1.7445099808586126
649,2020-03-26,-0.04988395909172263,-38.50212447803025,1.7445099808586126
650,2020-03-27,-0.04988395909172263,-38.50212447803025,1.7445099808586126
651,2020-03-30,-0.04988395909172263,-38.50212447803025,1.7445099808586126
652,2020-03-31,-0.04988395909172263,-38.50212447803025,1.7445099808586126
653,2020-04-01,-0.04988395909172263,-38.50212447803025,1.7445099808586126
654,2020-04-02,0.0,inf,1.7445099808586126
655,2020-04-03,0.0,inf,1.7445099808586126
656,2020-04-06,0.0,inf,1.7445099808586126
657,2020-04-07,0.0,inf,1.7445099808586126
658,2020-04-08,0.0,inf,1.7445099808586126
659,2020-04-09,0.0,inf,1.7445099808586126
660,2020-04-13,0.0,inf,1.7445099808586126
661,2020-04-14,0.0,inf,1.7445099808586126
662,2020-04-15,0.0,inf,1.7445099808586126
663,2020-04-16,0.0,inf,1.7445099808586126
664,2020-04-17,0.0,inf,1.7445099808586126
665,2020-04-20,0.0,inf,1.7445099808586126
666,2020-04-21,0.0,inf,1.7445099808586126
667,2020-04-22,0.0,inf,1.7445099808586126
668,2020-04-23,0.0,inf,1.7445099808586126
669,2020-04-24,0.0,inf,1.7445099808586126
670,2020-04-27,0.0,inf,1.7445099808586126
671,2020-04-28,0.0,inf,1.7445099808586126
672,2020-04-29,0.0,inf,1.7445099808586126
673,2020-04-30,0.0,inf,1.7445099808586126
674,2020-05-01,0.0,inf,1.7445099808586126
675,2020-05-04,0.0,inf,1.7445099808586126
676,2020-05-05,0.0,inf,1.7445099808586126
677,2020-05-06,0.0,inf,1.7445099808586126
678,2020-05-07,0.0,inf,1.7445099808586126
679,2020-05-08,0.0,inf,1.7445099808586126
680,2020-05-11,0.0,inf,1.7445099808586126
681,2020-05-12,0.0,inf,1.7445099808586126
682,2020-05-13,0.0,inf,1.7445099808586126
683,2020-05-14,0.0,inf,1.7445099808586126
684,2020-05-15,0.0,inf,1.7445099808586126
685,2020-05-18,0.0,inf,1.7445099808586126
686,2020-05-19,0.0,inf,1.7445099808586126
687,2020-05-20,0.0,inf,1.7445099808586126
688,2020-05-21,0.0,inf,1.7445099808586126
689,2020-05-22,0.0,inf,1.7445099808586126
690,2020-05-26,0.44896340125440426,5.277939798745749,1.6034492622358771
691,2020-05-27,0.44896340125440426,5.277939798745749,1.6034492622358771
692,2020-05-28,0.3993369172961431,5.809568860827742,1.6163576172850211
693,2020-05-29,0.3993369172961431,5.809568860827742,1.6163576172850211
694,2020-06-01,0.42423180909992336,5.527332371614046,1.6098139049211335
695,2020-06-02,0.42423180909992336,5.527332371614046,1.6098139049211335
696,2020-06-03,0.42423180909992336,5.527332371614046,1.6098139049211335
697,2020-06-04,0.42423180909992336,5.527332371614046,1.6098139049211335
698,2020-06-05,0.42423180909992336,5.527332371614046,1.6098139049211335
699,2020-06-08,0.42423180909992336,5.527332371614046,1.6098139049211335
700,2020-06-09,0.42423180909992336,5.527332371614046,1.6098139049211335
701,2020-06-10,0.42423180909992336,5.527332371614046,1.6098139049211335
702,2020-06-11,0.42423180909992336,5.527332371614046,1.6098139049211335
703,2020-06-12,0.42423180909992336,5.527332371614046,1.6098139049211335
704,2020-06-15,0.42423180909992336,5.527332371614046,1.6098139049211335
705,2020-06-16,0.4055534240557681,5.735845608696831,1.614710465381807
706,2020-06-17,0.4055534240557681,5.735845608696831,1.614710465381807
707,2020-06-18,0.4055534240557681,5.735845608696831,1.614710465381807
708,2020-06-19,0.4055534240557681,5.735845608696831,1.614710465381807
709,2020-06-22,0.4055534240557681,5.735845608696831,1.614710465381807
710,2020-06-23,-0.043409977198636124,-53.586571027623734,1.614710465381807
711,2020-06-24,-0.043409977198636124,-53.586571027623734,1.614710465381807
712,2020-06-25,0.006216506759625023,240.3035714372524,2.514395263103266
713,2020-06-26,0.006216506759625023,240.3035714372524,2.514395263103266
714,2020-06-29,0.3521811144546102,5.294742390114183,2.2132072024095355
715,2020-06-30,0.3521811144546102,5.294742390114183,2.2132072024095355
716,2020-07-01,0.3521811144546102,5.294742390114183,2.2132072024095355
717,2020-07-02,0.3521811144546102,5.294742390114183,2.2132072024095355
718,2020-07-06,0.3521811144546102,5.294742390114183,2.2132072024095355
719,2020-07-07,0.3521811144546102,5.294742390114183,2.2132072024095355
720,2020-07-08,0.3521811144546102,5.294742390114183,2.2132072024095355
721,2020-07-09,0.3521811144546102,5.294742390114183,2.2132072024095355
722,2020-07-10,0.3521811144546102,5.294742390114183,2.1298235327334973
723,2020-07-13,0.3521811144546102,5.294742390114183,2.1298235327334973
724,2020-07-14,0.3521811144546102,5.294742390114183,2.1298235327334973
725,2020-07-15,0.37085949949876545,5.0280720278723425,2.1298235327334973
726,2020-07-16,0.37085949949876545,5.0280720278723425,2.1298235327334973
727,2020-07-17,0.37085949949876545,5.0280720278723425,2.1298235327334973
728,2020-07-20,0.37085949949876545,5.0280720278723425,2.104680755803263
729,2020-07-21,0.37085949949876545,5.0280720278723425,2.104680755803263
730,2020-07-22,0.37085949949876545,5.0280720278723425,2.104680755803263
731,2020-07-23,0.37085949949876545,5.0280720278723425,2.104680755803263
732,2020-07-24,0.37085949949876545,5.0280720278723425,2.104680755803263
733,2020-07-27,0.37085949949876545,5.0280720278723425,2.104680755803263
734,2020-07-28,0.0,inf,2.104680755803263
735,2020-07-29,0.0,inf,2.104680755803263
736,2020-07-30,0.0,inf,2.104680755803263
737,2020-07-31,0.0,inf,2.104680755803263
738,2020-08-03,0.0,inf,2.104680755803263
739,2020-08-04,0.0,inf,2.104680755803263
740,2020-08-05,0.0,inf,2.104680755803263
741,2020-08-06,0.0,inf,2.104680755803263
742,2020-08-07,0.0,inf,2.104680755803263
743,2020-08-10,0.0,inf,2.104680755803263
744,2020-08-11,0.0,inf,2.104680755803263
745,2020-08-12,0.0,inf,2.104680755803263
746,2020-08-13,0.0,inf,2.104680755803263
747,2020-08-14,0.0,inf,2.104680755803263
748,2020-08-17,0.0,inf,2.104680755803263
749,2020-08-18,0.0,inf,2.104680755803263
750,2020-08-19,0.0,inf,2.104680755803263
751,2020-08-20,0.0,inf,2.104680755803263
752,2020-08-21,0.0,inf,2.104680755803263
753,2020-08-24,0.0,inf,2.104680755803263
754,2020-08-25,0.0,inf,2.104680755803263
755,2020-08-26,0.0,inf,2.104680755803263
756,2020-08-27,0.0,inf,2.104680755803263
757,2020-08-28,0.0,inf,2.104680755803263
758,2020-08-31,0.0,inf,2.104680755803263
759,2020-09-01,0.0,inf,2.104680755803263
760,2020-09-02,0.0,inf,2.104680755803263
761,2020-09-03,0.0,inf,2.104680755803263
762,2020-09-04,0.0,inf,2.104680755803263
763,2020-09-08,0.0,inf,2.104680755803263
764,2020-09-09,0.0,inf,2.104680755803263
765,2020-09-10,0.0,inf,2.104680755803263
766,2020-09-11,0.0,inf,2.104680755803263
767,2020-09-14,0.0,inf,2.104680755803263
768,2020-09-15,0.0,inf,2.104680755803263
769,2020-09-16,0.0,inf,2.104680755803263
770,2020-09-17,0.0,inf,2.104680755803263
771,2020-09-18,0.0,inf,2.104680755803263
772,2020-09-21,0.0,inf,2.104680755803263
773,2020-09-22,0.0,inf,2.104680755803263
774,2020-09-23,0.0,inf,2.104680755803263
775,2020-09-24,0.0,inf,2.104680755803263
776,2020-09-25,0.0,inf,2.104680755803263
777,2020-09-28,0.0,inf,2.104680755803263
778,2020-09-29,0.0,inf,2.104680755803263
779,2020-09-30,0.0,inf,2.104680755803263
780,2020-10-01,0.0,inf,2.104680755803263
781,2020-10-02,0.0,inf,2.104680755803263
782,2020-10-05,0.0,inf,2.104680755803263
783,2020-10-06,0.0,inf,2.104680755803263
784,2020-10-07,0.0,inf,2.104680755803263
785,2020-10-08,0.0,inf,2.104680755803263
786,2020-10-09,0.0,inf,2.104680755803263
787,2020-10-12,0.0,inf,2.104680755803263
788,2020-10-13,0.0,inf,2.104680755803263
789,2020-10-14,0.0,inf,2.104680755803263
790,2020-10-15,0.0,inf,2.104680755803263
791,2020-10-16,0.0,inf,2.104680755803263
792,2020-10-19,0.0,inf,2.104680755803263
793,2020-10-20,0.0,inf,2.104680755803263
794,2020-10-21,0.0,inf,2.104680755803263
795,2020-10-22,0.0,inf,2.104680755803263
796,2020-10-23,0.0,inf,2.104680755803263
797,2020-10-26,0.0,inf,2.104680755803263
798,2020-10-27,0.0,inf,2.104680755803263
799,2020-10-28,0.0,inf,2.104680755803263
800,2020-10-29,0.0,inf,2.104680755803263
801,2020-10-30,0.0,inf,2.104680755803263
802,2020-11-02,0.0,inf,2.104680755803263
803,2020-11-03,0.0,inf,2.104680755803263
804,2020-11-04,0.0,inf,2.104680755803263
805,2020-11-05,0.0,inf,2.104680755803263
806,2020-11-06,0.0,inf,2.104680755803263
807,2020-11-09,0.0,inf,2.104680755803263
808,2020-11-10,0.0,inf,2.104680755803263
809,2020-11-11,0.0,inf,2.104680755803263
810,2020-11-12,0.0,inf,2.104680755803263
811,2020-11-13,0.3671829284412084,6.078417680300864,1.9229425446593744
812,2020-11-16,0.3671829284412084,6.078417680300864,1.9229425446593744
813,2020-11-17,0.3671829284412084,6.078417680300864,1.9229425446593744
814,2020-11-18,0.3671829284412084,6.078417680300864,1.9229425446593744
815,2020-11-19,0.3671829284412084,6.078417680300864,1.9229425446593744
816,2020-11-20,0.3671829284412084,6.078417680300864,1.9229425446593744
817,2020-11-23,0.3671829284412084,6.078417680300864,1.9229425446593744
818,2020-11-24,0.3671829284412084,6.078417680300864,1.9229425446593744
819,2020-11-25,0.3671829284412084,6.078417680300864,1.9229425446593744
820,2020-11-27,0.3671829284412084,6.078417680300864,2.0292346312338623
821,2020-11-30,0.3671829284412084,6.078417680300864,2.0292346312338623
822,2020-12-01,0.3671829284412084,6.078417680300864,2.0292346312338623
823,2020-12-02,0.3671829284412084,6.078417680300864,2.0292346312338623
824,2020-12-03,0.3671829284412084,6.078417680300864,2.0292346312338623
825,2020-12-04,0.3671829284412084,6.078417680300864,2.0292346312338623
826,2020-12-07,0.3671829284412084,6.078417680300864,2.0292346312338623
827,2020-12-08,0.3671829284412084,6.078417680300864,2.0292346312338623
828,2020-12-09,0.3671829284412084,6.078417680300864,2.0292346312338623
829,2020-12-10,0.3671829284412084,6.078417680300864,2.0292346312338623
830,2020-12-11,0.3671829284412084,6.078417680300864,2.0292346312338623
831,2020-12-14,0.0,inf,2.0292346312338623
832,2020-12-15,0.0,inf,2.0292346312338623
833,2020-12-16,0.0,inf,2.0292346312338623
834,2020-12-17,0.0,inf,2.0292346312338623
835,2020-12-18,0.0,inf,2.0292346312338623
836,2020-12-21,0.0,inf,2.0292346312338623
837,2020-12-22,0.0,inf,2.0292346312338623
838,2020-12-23,0.0,inf,1.4751031576538394
839,2020-12-24,0.0,inf,1.4622800380569239
840,2020-12-28,0.0,inf,2.4379240163284455
841,2020-12-29,0.2541058683801413,6.268278332902437,2.2085270527665806
842,2020-12-30,0.2541058683801413,6.268278332902437,2.2085270527665806
