,Date,STMR,momentum,ltmr
0,2020-09-25,0.12514848099876955,4.541341698609794,3.6058676346124177
1,2020-09-28,0.07488036064598264,8.343146003443701,3.1191510299971146
2,2020-09-29,0.07968791175530679,7.694179391999534,3.3862140708790607
3,2020-09-30,0.05179519802177112,11.81193548497323,3.6045262102290803
4,2020-10-01,0.11643617488467622,5.745491288530102,3.3822411910040135
5,2020-10-02,0.18092257182991842,3.3629772295972384,3.6270231247915166
6,2020-10-05,0.2442928377634807,2.653483686181874,3.354922732052713
7,2020-10-06,0.23070266389176783,2.8451581689588568,3.232666891981122
8,2020-10-07,0.2766555594524667,2.447252616700919,3.2888917955211094
9,2020-10-08,0.3392638045988212,1.8924155712575437,3.5000736127319567
10,2020-10-09,0.3650342904277295,1.7990435119490007,3.4244901755130592
11,2020-10-12,0.3403501838380844,1.7643531409950786,3.7716558305051464
12,2020-10-13,0.34762925288178514,1.997968509296899,3.41952928691416
13,2020-10-14,0.3155133944873514,1.782042108829051,4.190473713589615
14,2020-10-15,0.318669031150835,1.6820895424734403,4.345466873255913
15,2020-10-16,0.32601080147743133,1.4390331883773158,4.92755003099755
16,2020-10-19,0.16251359186059475,3.2996316323694987,4.323089650994634
17,2020-10-20,0.11955315398163995,4.1467208577001955,4.785169773410851
18,2020-10-21,0.17374011053098204,3.142091565666047,4.436685379353027
19,2020-10-22,0.22099841718083585,2.472178461516994,4.510092952304635
20,2020-10-23,0.2051009963070284,2.6064826296528008,4.6576066653566075
21,2020-10-26,0.1591152438871181,3.0828105442185096,5.000987072572814
22,2020-10-27,0.1806612883668806,2.3624072371920883,5.731074552557991
23,2020-10-28,0.14105067748698216,2.762659574288068,6.074767281197406
24,2020-10-29,0.08415797496975361,4.483780288372053,6.356216368756536
25,2020-10-30,0.011928541221004896,26.696786803564677,7.307474388645007
26,2020-11-02,0.013234919443246132,26.07598121129021,6.835906536626454
27,2020-11-03,-0.006563488379429234,-56.423999214262686,6.354842672931297
28,2020-11-04,0.014618526349327171,29.7724590833253,5.566116701201129
29,2020-11-05,0.0054355313880681475,85.96262855623772,5.308445447429911
30,2020-11-06,0.12338860691987588,6.1613149118691055,2.842518646558514
31,2020-11-09,0.001037043315537084,577.3556093960688,3.1703382873973913
32,2020-11-10,-0.09487854876922953,-5.463470191884288,3.1355677604017034
33,2020-11-11,-0.006975613946680392,-76.8983727389746,3.4203319295634564
34,2020-11-12,0.019372200139935472,24.96130637595664,3.6609069227102022
35,2020-11-13,0.025666338674200845,16.669822982325165,4.081231616067324
36,2020-11-16,0.04644224817880199,8.4318749336252,4.588301266484447
37,2020-11-17,0.08228031864527661,4.772526876550314,4.595373014316863
38,2020-11-18,0.04050955591339636,10.129122317160158,4.456877890061664
39,2020-11-19,0.1395898480187388,3.405861813627151,3.870483103329422
40,2020-11-20,0.16121877120529374,3.246565642972062,3.6246060503937643
41,2020-11-23,0.23608025742092437,2.351613096859615,3.2109436403944636
42,2020-11-24,0.19309696514748156,2.8297037921373467,3.2422021745773857
43,2020-11-25,0.2460979634604927,2.138435524404489,3.466065202496866
44,2020-11-27,0.23383280491999042,2.2778456994768894,3.4471864377438695
45,2020-11-30,0.3718702277584901,1.6259234433184906,3.15597720653893
46,2020-12-01,0.32283833968164805,2.2977685022120333,2.5933362613181083
47,2020-12-02,0.32391142311001475,2.0541094638232242,2.952574820671938
48,2020-12-03,0.2929768745079128,2.226381017846497,2.8771335884520743
49,2020-12-04,0.27527540719693483,2.5143383832823627,2.805329036916498
50,2020-12-07,0.16890443625898685,4.3343956277021,2.5976429813626942
51,2020-12-08,0.3217379523758891,2.3110700629380463,2.4923721349048686
52,2020-12-09,0.34453132456523733,2.128375041987791,2.5573081240695976
53,2020-12-10,0.33024303635983393,2.401173312341244,2.4688018106929994
54,2020-12-11,0.3597408434993159,2.3993917615905507,2.282114924591736
55,2020-12-14,0.3519465486927165,2.5436348189628073,2.038086730984821
56,2020-12-15,0.31900838955694183,2.629936154773433,2.075901577551194
57,2020-12-16,0.31773656807878004,2.766437653805367,1.9916867767926154
58,2020-12-17,0.35082139861728284,2.555139661544579,2.04072531987764
59,2020-12-18,0.2871441065550191,3.154292254630625,2.036827954583479
60,2020-12-21,0.2966106461922082,3.2032539931685324,2.0264695877925085
61,2020-12-22,0.24880046581450924,3.7325437072695475,2.009709240610461
62,2020-12-23,0.27814991165604586,3.2608360318073557,2.0779446558303016
63,2020-12-24,0.24987083162214224,3.616814275941777,2.106629069358129
64,2020-12-28,0.21214410211424078,4.204419484218489,2.111286550920017
65,2020-12-29,0.1455639963992141,6.512002218207454,1.9781256627365116
66,2020-12-30,0.17025554306801366,5.451450198502315,1.9500638241176302
