,Date,STMR,momentum,ltmr
0,2020-05-22,0.3815748100865892,1.577691247612946,2.3572186823936403
1,2020-05-26,0.3582319415817436,1.6399050326631652,2.20360349616474
2,2020-05-27,0.31820412208212623,1.6865581452883458,2.2568983746054094
3,2020-05-28,0.24669813085399545,2.1059050673471886,2.332017148107167
4,2020-05-29,0.2209076661430576,2.061958992356872,2.535743714902102
5,2020-06-01,0.31580362127878747,1.4955002742912296,2.4929988398104213
6,2020-06-02,0.277372113321079,2.0339208748669626,1.9413205184378715
7,2020-06-03,0.2716470757084375,2.115378108306978,2.062430192955841
8,2020-06-04,0.14882619647020018,3.3443408169339763,2.167913591859652
9,2020-06-05,0.00711348930801646,63.109019971400855,2.288456867004024
10,2020-06-08,0.10418692334803617,4.946210544181885,2.0943897979559933
11,2020-06-09,0.05016575846298474,10.13327647914621,2.108343181484926
12,2020-06-10,0.16500750712090612,3.5998548860947523,1.8524725236504263
13,2020-06-11,0.10151369892479176,4.466132089070948,2.2223300207824592
14,2020-06-12,0.08708107406425931,5.397311593201089,2.2448643820404706
15,2020-06-15,0.02435850206953266,19.578497456174002,2.2134971035345195
16,2020-06-16,-0.0018922048986147414,-222.14719989796592,2.5640837489454578
17,2020-06-17,-0.10485257223319758,-3.149581612945689,3.2317919383678055
18,2020-06-18,-0.08785964682947553,-3.8653408730372534,3.3171527362102
19,2020-06-19,-0.159626978995674,-1.8018109311676052,3.867710355109865
20,2020-06-22,-0.15843126349381448,-1.8098590108385353,3.6730375228206866
21,2020-06-23,-0.18123308787475617,-1.9187825994524397,3.0160094178379286
22,2020-06-24,-0.18659020875739565,-1.8716213043135401,2.914836625968285
23,2020-06-25,-0.1624792412714362,-2.3619820853205993,2.666493587159016
24,2020-06-26,-0.12812864061981089,-2.563687999122855,3.0582846785614755
25,2020-06-29,-0.14498786500621802,-2.268869985403232,3.087773058838755
26,2020-06-30,-0.13299468032755898,-2.754533002587311,2.9005605145448867
27,2020-07-01,-0.1442609237047769,-2.7512030810133754,2.7400676019718073
28,2020-07-02,-0.07995517139328887,-4.5384182337663015,3.0197378008665035
29,2020-07-06,-0.08563880193586901,-3.536979485359317,3.166209974124523
30,2020-07-07,-0.11027211435426972,-2.514007680751709,3.470410532766916
31,2020-07-08,-0.03451233556606026,-8.970528075434668,3.2261766567137125
32,2020-07-09,-0.11696910860787878,-2.3113085758732317,3.4006181506184707
33,2020-07-10,-0.021032301941517704,-11.889888354425873,3.658045170028627
34,2020-07-13,-0.12850463081005864,-1.4198112603551247,4.459870123866057
35,2020-07-14,-0.12192171127833072,-1.6184171692355527,4.199065493169373
36,2020-07-15,-0.13374786898001598,-1.6627261318612405,3.5551893353590733
37,2020-07-16,-0.10579463547336143,-2.1937299498992036,3.390363841915172
38,2020-07-17,-0.12518824604157547,-1.9598331277973544,3.222872037992739
39,2020-07-20,-0.03418802540170422,-9.618168336070639,2.708833939515345
40,2020-07-21,-0.0639470020796526,-4.890881157804714,2.9117454428791056
41,2020-07-22,-0.02981222214001781,-10.564431020634789,2.9052497341743
42,2020-07-23,-0.007446929931251161,-28.984699831867903,4.084132121865989
43,2020-07-24,-0.0433968950623046,-3.7351138939915978,5.4982177830359715
44,2020-07-27,0.01269100899416678,18.972957720240608,3.970266353986979
45,2020-07-28,-0.008415156852445607,-27.688238942331314,4.002209627210545
46,2020-07-29,0.0037004424707215433,71.99043665456077,3.488419860208074
47,2020-07-30,-0.03465882102511415,-7.5490046074355925,3.656059590611141
48,2020-07-31,-0.036100879670299145,-7.681731515696929,3.2179717405799297
49,2020-08-03,0.06851863996583465,4.502680378945705,3.1877909359387737
50,2020-08-04,0.06555525735089877,4.5481225868613935,2.890097095013355
51,2020-08-05,0.02156772195727233,13.221961720179308,3.033129559554073
52,2020-08-06,0.06456331550710863,4.297618849727214,3.320758035184894
53,2020-08-07,0.08829254812760269,2.5084446930079234,4.506229036687846
54,2020-08-10,0.08990491038369679,-0.2768957159083514,-36.042188104103424
55,2020-08-11,0.04740224089226646,-2.1444125195941943,-8.36314998729817
56,2020-08-12,0.09670663589314818,-0.8070285055786651,-11.610255739903314
57,2020-08-13,0.14655414601150288,-0.40364971388871246,-16.07130222707544
58,2020-08-14,0.09455213353661193,-0.9248737570708331,-10.658431047359514
59,2020-08-17,0.034381149498809147,-4.061656442783709,-6.628291714960857
60,2020-08-18,0.05731499286734544,-2.2674775008753416,-7.280685928310079
61,2020-08-19,0.02962026668568804,-3.558984229328467,-8.761439634864667
62,2020-08-20,0.08106782308878172,-1.157287005897014,-9.872368110647308
63,2020-08-21,0.1055262863730606,-1.1031801320342298,-7.882154105924663
64,2020-08-24,0.04808618666763784,-2.502720281137646,-7.390547614207562
65,2020-08-25,0.07908264165265988,-1.6793915519816682,-6.549140309870088
66,2020-08-26,0.09541623066519302,-0.6237071789137393,-15.535436973159033
67,2020-08-27,0.11673755509610569,-0.14952196269766532,-52.83055223057303
68,2020-08-28,0.15687099287224113,-0.021388031661523903,-284.7684581113202
69,2020-08-31,0.1501851289252269,0.19528300254529535,34.536528624624296
70,2020-09-01,0.18143190176784738,0.5166563300873244,10.443198246638415
71,2020-09-02,0.17755823486105204,0.4880208294986609,10.790763801270597
72,2020-09-03,0.10937838666140848,0.7655626837522834,10.095531226952557
73,2020-09-04,0.08027080648305777,1.318010148457218,7.605688432143635
74,2020-09-08,0.10084695148048878,1.2369521213145578,5.751018910855729
75,2020-09-09,0.17526659148351437,1.0566315539377509,4.114334399911712
76,2020-09-10,0.12022588929493906,1.299588369066555,5.078744333929828
77,2020-09-11,0.05472822629682732,2.674487389056654,5.1699652444673925
78,2020-09-14,0.13629830055631714,1.5832203954251256,3.8302615820066173
79,2020-09-15,0.15431618784598777,1.4844717942415868,3.839950244892332
80,2020-09-16,0.1407533717629745,1.5065884341080023,4.162060167276875
81,2020-09-17,0.10386164142829125,1.7454339584338392,4.91587441324104
82,2020-09-18,0.05385153011508953,3.243913626242075,5.122781589642788
83,2020-09-21,0.06077821491170649,2.6004133151554054,5.773147645237038
84,2020-09-22,0.08578997410372327,2.125208686257056,5.2372111833315005
85,2020-09-23,0.04382917981727229,3.244678039659296,6.29765038779635
86,2020-09-24,0.013689210028634078,9.375309277845655,7.004211236716078
87,2020-09-25,0.045330626287104575,4.755974753032932,4.04750593800503
88,2020-09-28,0.0495020935379195,6.101105347300034,2.606295663048719
89,2020-09-29,0.07848387643589139,4.237236792385161,3.0515697404693714
90,2020-09-30,0.028669654175965904,10.96053760708311,3.1398923824338496
91,2020-10-01,0.05340964543087098,6.468410084796916,3.0852565063316133
92,2020-10-02,0.08995896461567394,3.4284002753505507,3.3393055960526943
93,2020-10-05,0.14672004543831973,2.212641266416588,3.1744061568899884
94,2020-10-06,0.23407268638627937,1.5970491523709618,2.8293765662746946
95,2020-10-07,0.24260411544766275,1.818541396669216,2.6144778963955697
96,2020-10-08,0.24308964558143792,1.7394211275603053,2.708361627827906
97,2020-10-09,0.3150426524601728,1.4632992363178685,2.562283285083334
98,2020-10-12,0.257497455144379,1.600955934782919,2.8356259941408135
99,2020-10-13,0.30161147697967516,1.5736856126882206,2.6411931604195726
100,2020-10-14,0.3247248500990414,1.569306885202779,2.5146721004520405
101,2020-10-15,0.3258838444782235,1.754494235943428,2.179516278331319
102,2020-10-16,0.3668961281387175,1.7318377706103931,1.9960415610414892
103,2020-10-19,0.36645493649602096,1.8663792299926678,1.8552542555368086
104,2020-10-20,0.34471123658578995,1.9415062307732391,1.947163923219905
105,2020-10-21,0.3529848271643654,1.8692849606486128,1.922968520626946
106,2020-10-22,0.32258103966845303,1.9904491102959254,1.9761708821576653
107,2020-10-23,0.2656142897409993,2.1964247438849953,2.0979173015770276
108,2020-10-26,0.1243537798322013,3.708338049120796,2.4131957820552983
109,2020-10-27,0.01379341188483281,30.28073136477833,2.5708049088358664
110,2020-10-28,0.0013889345975118816,273.61650553581313,2.715773145055268
111,2020-10-29,-0.01952390415685297,-18.899866054481862,2.8439287889878098
112,2020-10-30,-0.03858255294544254,-9.052148990103932,2.7389334664587786
113,2020-11-02,-0.03303103145521165,-11.775693996043216,2.7293102624057064
114,2020-11-03,-0.037915805295341706,-11.543020697329197,2.5145812553481437
115,2020-11-04,-0.04361449814524922,-11.629157472668014,2.2492417959723325
116,2020-11-05,0.027631692774195457,20.857916902436617,2.0794908484366754
117,2020-11-06,0.15996351933614283,4.944599465690905,1.7664362209984381
118,2020-11-09,0.23676837468821144,3.523727924066177,1.7413677498602078
119,2020-11-10,0.1683714759509938,4.854375801042956,1.7434613760966209
120,2020-11-11,0.07294784527012549,10.515052183746464,1.8253682028982916
121,2020-11-12,0.16501457212860982,5.0038643825996525,1.8065106663309856
122,2020-11-13,0.1922403367862309,4.362020251017247,1.9054170770695755
123,2020-11-16,0.24537633092329125,3.56088511061023,1.8973238190514559
124,2020-11-17,0.274221883410132,3.3115884577476615,1.8715903474274758
125,2020-11-18,0.32699776989296353,2.858612922757676,1.7974837464936417
126,2020-11-19,0.40702095226000984,2.441081039008289,1.7221419865827121
127,2020-11-20,0.4685014763936078,2.3254114734722786,1.6307924157405778
128,2020-11-23,0.6602725975168028,1.8424280973712925,1.5345138018173454
129,2020-11-24,0.6818416285844526,1.6268964511666009,1.653718925841441
130,2020-11-25,0.9922917125420796,1.3994862521963556,1.510113183070983
131,2020-11-27,1.0862069366789902,1.3657184191527867,1.466333572799222
132,2020-11-30,0.7937571092569624,1.4848163375810715,1.6210501969051652
133,2020-12-01,0.7385077970584693,1.6415177433674206,1.5398416006609543
134,2020-12-02,0.7018447588875043,1.7039150786874768,1.5581762628045663
135,2020-12-03,0.7332329698558586,1.7350407319022763,1.5226600253434541
136,2020-12-04,0.6983185704064792,1.8690089671809584,1.5214242658060206
137,2020-12-07,0.5527474103543334,2.434039090288203,1.531321284631941
138,2020-12-08,0.4664264733282328,2.8551586775478173,1.5288443328245227
139,2020-12-09,0.4025299056177508,3.1115361608517764,1.5698152285298603
140,2020-12-10,0.5233302757310689,2.5727561190796084,1.485193974357754
141,2020-12-11,0.4820467599675174,2.7585881605567475,1.5123806628922765
142,2020-12-14,0.37503398272254396,3.309782926807798,1.5574465888385727
143,2020-12-15,0.3139613735019753,3.8961263571912257,1.4154164888529657
144,2020-12-16,0.31295408360505106,4.1557239263817705,1.3293028058160739
145,2020-12-17,0.32467086756615543,4.130943225412892,1.2879662507539895
146,2020-12-18,0.27009124446599153,4.919954525946654,1.322835482842243
147,2020-12-21,0.23563514332818872,5.659970097854589,1.3006996724860838
148,2020-12-22,0.15101851640527986,9.15061293859502,1.2207007884553167
149,2020-12-23,0.16929884776761114,8.35871685775137,1.163441608740903
150,2020-12-24,-0.10174593030262656,-13.860533954980717,1.0976346058979674
151,2020-12-28,-0.22402074128895055,-6.306163983598725,1.1281953934283648
152,2020-12-29,0.09407563885135875,14.946036589802983,1.0934072448630923
153,2020-12-30,0.16379451233076725,8.800098897478794,1.046556261353205
