,Date,STMR,momentum,ltmr
0,2017-04-28,0.04688386463760645,6.811277232801798,0.62208770236378
1,2017-05-01,0.03372545630423844,10.496374670887983,0.5539877671757609
2,2017-05-02,0.02898738496251649,10.629174585620488,0.5990111524445569
3,2017-05-03,-0.029064385125251675,-9.929153650791358,0.6733845706091269
4,2017-05-04,-0.04071124421272079,-7.184825903047926,0.5487156853000887
5,2017-05-05,0.021334365705908506,16.289001483649482,0.6279252977821517
6,2017-05-08,-0.023716603703609146,-14.115959934531285,0.6853517172239069
7,2017-05-09,-0.04540168666442208,-6.761042211662226,0.6702193495294911
8,2017-05-10,-0.0667805345667279,-4.495439786084267,0.6583918750152389
9,2017-05-11,-0.02099810400505457,-16.73836821743372,0.613899573495964
10,2017-05-12,-0.023592125801361684,-15.171489105209247,0.5901161378595283
11,2017-05-15,-0.01310614635981671,-29.715807029090087,0.5240634000625313
12,2017-05-16,-0.021053299018779482,-18.261796752631607,0.4956540317542421
13,2017-05-17,-0.054676370401136806,-6.119242948696679,0.47107241592358035
14,2017-05-18,-0.03514588571162726,-9.651349899720245,0.5257230409762887
15,2017-05-19,-0.03809208595738177,-8.841604345706797,0.4774035709451657
16,2017-05-22,-0.023875345038663877,-13.995027666180764,0.5164111953421192
17,2017-05-23,-0.02941090123793793,-10.941317287261592,0.4389494486823917
18,2017-05-24,-0.04043949673267013,-8.17709036707039,0.3995939216246546
19,2017-05-25,-0.05945842271635996,-5.303360959203454,0.38201977418760114
20,2017-05-26,-0.04875363802341766,-7.016194306044571,0.40074920255730767
21,2017-05-30,-0.05984861012779368,-5.106430287867332,0.4265646134417595
22,2017-05-31,-0.050106026458218864,-6.061140079251354,0.3861996440490271
23,2017-06-01,-0.018440873083340602,-16.12379175727431,0.4631396036634468
24,2017-06-02,0.005914402182178379,48.62425830423324,0.453607918859304
25,2017-06-05,-0.039954576383449895,-7.285192772208286,0.4021849932293786
26,2017-06-06,-0.01826381436256686,-16.3131593195602,0.4535246124996652
27,2017-06-07,0.0032701138958211237,91.98699317416472,0.4061890012663604
28,2017-06-08,0.022512302053325897,14.391300427994521,0.4240739565740717
29,2017-06-09,-0.020831964427944015,-16.21733230569371,0.441770147147976
30,2017-06-12,-0.03188193468640272,-9.864280179695703,0.3981347676264558
31,2017-06-13,-0.037173124082013745,-8.948092039680814,0.40076924820905807
32,2017-06-14,-0.03759406296094064,-9.176210097519153,0.3387016152589167
33,2017-06-15,-0.010846375213302685,-29.52356836058177,0.33097719007348997
34,2017-06-16,-0.025899045383628513,-13.630381820102306,0.3313031000469309
35,2017-06-19,-0.017758055091940055,-20.006137439931553,0.30814810464653564
36,2017-06-20,-0.05071669703698832,-6.712822371874379,0.29246609153453357
37,2017-06-21,-0.04618611886312783,-6.543076467465806,0.31812127429457343
38,2017-06-22,-0.045792697902201106,-6.584752443881697,0.31825512655728816
39,2017-06-23,-0.024897356199309453,-11.979077375121571,0.34521740002269746
40,2017-06-26,-0.024692893352410338,-14.128157335237702,0.27088901475119087
41,2017-06-27,-0.0138314225598946,-31.136541103141,0.25327775406191244
42,2017-06-28,0.001660652544243987,268.57444430041187,0.26789007602357384
43,2017-06-29,-0.008344882840729848,-39.54400853497471,0.30605998832063847
44,2017-06-30,0.005570870607491352,54.14503553958365,0.3498030509117178
45,2017-07-03,0.01931071696285578,16.21940231819785,0.3428693364340746
46,2017-07-05,0.0027511178828041327,112.88430522913521,0.3365274431375851
47,2017-07-06,-0.0027662012742892903,-107.23451629391654,0.3261835155750367
48,2017-07-07,-0.011019256077344159,-23.347874049345037,0.41271014572600573
49,2017-07-10,-0.00827595802522032,-26.27571461433532,0.45454022586073195
50,2017-07-11,0.002774012233238388,77.21989254754624,0.46143185635471506
51,2017-07-12,0.016529264661419744,14.700717965904598,0.4784533888069766
52,2017-07-13,0.01941806179634841,12.129933359524351,0.48370073373237754
53,2017-07-14,0.030600207877307745,8.812039756735343,0.399687405059888
54,2017-07-17,0.02482880159373519,10.40356713789962,0.3763539060580299
55,2017-07-18,0.03297000687332924,8.101787835448377,0.37145487350731404
56,2017-07-19,0.04973369019257353,5.5462753505062325,0.35842440347258253
57,2017-07-20,0.06346954105753219,4.525826527190183,0.34227589172844436
58,2017-07-21,0.06899266351648127,4.095251087864649,0.3574320205271773
59,2017-07-24,0.041158041102417435,5.729857505525217,0.48485591874370093
60,2017-07-25,0.024692893352410504,6.576404772599048,0.5225712206364711
61,2017-07-26,0.03557140186596366,3.550539680557821,0.8525487796000093
62,2017-07-27,0.02296447148835551,5.643067635379637,0.8407482245814268
63,2017-07-28,0.03026376395990201,4.096674224916241,0.9530043403952766
64,2017-07-31,0.027399136265837943,4.412798248324086,1.213436129807476
65,2017-08-01,0.008163628690990857,15.116009372551764,1.175640801088093
66,2017-08-02,0.002743298052123982,49.55695005994102,1.3375805065329553
67,2017-08-03,0.011019256077344252,11.107808613510004,1.49941585270656
68,2017-08-04,0.008275958025220409,13.823723635916059,1.6840243097020002
69,2017-08-07,0.008275958025220409,13.192346029860914,1.5738448272272052
70,2017-08-08,0.00552484014241637,20.736837753167116,1.4563817911336632
71,2017-08-09,-0.0027359963508370557,-46.02232008059495,1.280947938038273
72,2017-08-10,-0.011049970258458589,-10.093846354024743,1.441510341792865
73,2017-08-11,-0.01936413891807375,-5.2303934638608265,1.4721386988417833
74,2017-08-14,-0.01371771747871572,-7.262465726063689,1.7593584879898558
75,2017-08-15,-0.02739913626583755,-2.539806780574627,2.4310540341862836
76,2017-08-16,-0.018296453791320548,-3.86710839446372,2.447057575339512
77,2017-08-17,-0.0347657112239338,-1.873317453613499,2.5292754497662018
78,2017-08-18,-0.040256699893084426,-1.6310842667642163,2.457142683538643
79,2017-08-21,-0.029403869390164556,-2.816424179971005,1.7935171118626774
80,2017-08-22,-0.015688815101000217,-4.542026905163977,2.2099017616493812
81,2017-08-23,-0.018198919240117448,-4.253760567668618,2.120743169786865
82,2017-08-24,-0.012808105941427625,-6.310600418384824,2.114088528262249
83,2017-08-25,-0.004546694748839687,-19.814929718214163,1.9396879726846885
84,2017-08-28,0.0010229135518547705,95.8852470234241,1.7357392018128217
85,2017-08-29,0.000978254321009113,89.30066284604875,1.9375614563607038
86,2017-08-30,0.011877879362836975,5.60613484770219,2.944327494305851
87,2017-08-31,0.011877879362836975,4.306570755682042,3.295982333805602
88,2017-09-01,0.01737207955923385,1.1220474466617678,8.989568187747077
89,2017-09-05,0.0007513835971698288,62.054609215920145,3.725401279877244
90,2017-09-06,0.0007052258757556155,51.22998083001135,4.435772207023481
91,2017-09-07,-0.007594380872369059,-5.474658065603585,3.840758113198057
92,2017-09-08,0.0061988874382134665,4.758165476611319,5.680135034436358
93,2017-09-11,0.02294313932589969,1.963329840262554,3.9424106996315134
94,2017-09-12,0.02507736307361544,1.7169228610715734,4.609186921313558
95,2017-09-13,0.025671147673419218,1.0037405246120457,7.389019090661998
96,2017-09-14,0.008344844747942299,3.8400991465816086,5.7690432553930355
97,2017-09-15,0.030515441631819427,1.377327833056005,4.405357811576904
98,2017-09-18,0.03878619426654424,0.9209788854829553,5.71296764072758
99,2017-09-19,0.03051544163181934,0.6800427921020217,9.68045068590015
100,2017-09-20,0.027626094195264614,0.4709192159344102,15.044171992165907
101,2017-09-21,0.016574441744975018,2.9574521187549854,3.9272020804560177
102,2017-09-22,0.03557109618085392,1.6387004634385447,3.705855084353421
103,2017-09-25,0.038047977924701895,1.6443956456947737,3.5538879427078918
104,2017-09-26,0.019048347928541355,2.162226537413261,5.42787460168113
105,2017-09-27,0.019100322261961542,2.7695718690594893,4.370482964828198
106,2017-09-28,0.013680316405634694,2.107918566570064,8.010095264188564
107,2017-09-29,0.027175612396107378,2.144967038988412,3.8589560005521424
108,2017-10-02,0.029772126710580132,4.448421995875403,1.7002508245823966
109,2017-10-03,0.05171218442363472,1.9979992742740253,2.3245226578807765
110,2017-10-04,0.057158470766405386,1.815174255604925,2.3845723009965263
111,2017-10-05,0.06260567359587012,1.2976920100542055,3.3061189621097506
112,2017-10-06,0.05199528909005913,0.8764593573165191,6.299495342199441
113,2017-10-09,0.03815187174408695,2.0087992628122673,3.861208972802759
114,2017-10-10,0.019544549924120618,3.1201546196530336,4.844798913212476
115,2017-10-11,0.013680316405634753,3.667411909267644,5.370434624069023
116,2017-10-12,0.011019273465814241,3.322315665130653,6.988404284994557
117,2017-10-13,0.005449942272871645,5.291247412203391,8.927813219547392
118,2017-10-16,0.013495295990472491,6.9479473347680845,2.927851205496683
119,2017-10-17,0.021622618656312733,5.368359148978771,2.35724257864467
120,2017-10-18,-0.002728650640492644,-29.461594298697467,3.2988893815521716
121,2017-10-19,-2.3809079707781677e-16,-421075782290464.75,2.78806866443519
122,2017-10-20,-0.002691728759030374,-51.892878330384214,2.126621391081538
123,2017-10-23,-0.0053474164587459065,-27.126728661053605,2.013162758246308
124,2017-10-24,0.008053742716261242,18.925938479687918,1.9654565179789898
125,2017-10-25,0.0037764495208085867,36.49968590746211,2.2255984890251006
126,2017-10-26,0.008118933667179468,19.751572201563743,1.9140398595078845
127,2017-10-27,-0.0026846335642629598,-50.86071268660806,2.368415701372373
128,2017-10-30,-0.010723778782038913,-13.572336423233322,2.1088669413691954
129,2017-10-31,-0.026883365832588574,-5.561858591612439,2.110339246090964
130,2017-11-01,-0.02139107908243478,-9.075802451715138,1.723008602793422
131,2017-11-02,-0.018642434528819682,-14.131799044603822,1.3292549320644698
132,2017-11-03,-1.1102230246251565e-16,-2124105657243906.0,1.4835364576400356
133,2017-11-06,0.005333286318196592,47.12051037177509,1.4001754979166263
134,2017-11-07,0.010695300275427855,24.406190046024477,1.3480139543097078
135,2017-11-08,0.024162074200208935,10.913286683710341,1.229578486324254
136,2017-11-09,0.03763908896469861,7.0598628616392896,1.127091218178936
137,2017-11-10,0.021505962701637866,7.8023247018442685,1.7231595364418881
138,2017-11-13,0.021220976075478834,8.389993697120898,1.749132135909379
139,2017-11-14,0.013280420571588542,13.010181377744697,1.899939605017729
140,2017-11-15,0.02695590497450979,6.445665012017285,1.8257677910514252
141,2017-11-16,0.03565563955475226,5.3771235024996376,1.5818268591923579
142,2017-11-17,0.02204976111511745,7.451372123788557,1.8885848980675473
143,2017-11-20,0.027397323746032643,5.006863288982027,2.340230175008206
144,2017-11-21,0.03003921248600426,3.584605001351629,2.8824523872511163
145,2017-11-22,0.039664368845070366,2.8093685870618974,2.919119087884833
146,2017-11-24,0.027962222959770758,4.52986398081284,2.4768997863104314
147,2017-11-27,0.03274525559126415,4.322877427457524,2.2430685637546066
148,2017-11-28,0.038092955202265626,4.501660357416397,1.8742611739585104
149,2017-11-29,0.03558176840075937,4.693211293340388,1.8705584615109419
150,2017-11-30,0.019343289875712197,7.453113068537477,1.9326795583502032
151,2017-12-01,0.0030531864505763777,44.608016943116674,1.8559475137675938
152,2017-12-04,0.005920583282820453,27.33977266628958,1.6509949732135292
153,2017-12-05,-0.002177248222580039,-66.41336088410777,1.7900090176729742
154,2017-12-06,0.003257333030401155,46.06005950057686,1.7574350784434463
155,2017-12-07,0.014060454074806892,11.418925125875782,1.7446064533039745
156,2017-12-08,-0.001983449409946233,-66.73218861992069,2.1666385466404394
157,2017-12-11,0.005963684843445453,27.595984217386892,1.6875497276555111
158,2017-12-12,0.00883964595152253,19.431877103315337,1.6965214033854619
159,2017-12-13,0.022049664295461513,10.766463647617142,1.218320481334693
160,2017-12-14,0.03473505512990462,6.524564053125221,1.180877101235606
161,2017-12-15,0.024033113705407998,10.533191655079014,1.0590676332543623
162,2017-12-18,0.01604319408714823,14.079207171134385,1.1073012575812424
163,2017-12-19,0.00531926913293999,41.06765696484498,1.2217008910586404
164,2017-12-20,0.010554149147789692,20.07633130140288,1.477412565808749
165,2017-12-21,0.002641937028285247,66.91015600271842,1.7411290637196233
166,2017-12-22,0.020684881390284675,5.556082091483892,2.7238781801182097
167,2017-12-26,0.01583140642179826,6.4937813430528015,3.0060950884682756
168,2017-12-27,0.023592220048614075,5.610964813063774,2.198720684960252
169,2017-12-28,0.05745709669141178,2.902983104128981,1.9916476159936465
170,2017-12-29,0.08066798032288856,2.255054394252566,1.905986007014482
171,2018-01-02,0.10151766237334142,1.171759269478087,3.134576258653715
172,2018-01-03,0.0881398492467742,1.6512436286295156,2.4172883263491514
173,2018-01-04,0.08610256157586965,1.4181940983966392,2.477062698859822
174,2018-01-05,0.08565556277983573,1.4838233853808622,2.3477343487128395
175,2018-01-08,0.10161016470153063,1.4885167336847713,2.2688490878041137
176,2018-01-09,0.14562020229605507,1.6373220049608639,1.583560440358517
177,2018-01-10,0.1845712576928174,1.5480365723301142,1.4738582181302027
178,2018-01-11,0.19946096148133963,1.6299646189790586,1.353554963117952
179,2018-01-12,0.1915141182483226,1.7270994542608793,1.2775285770219797
180,2018-01-16,0.19976311285510717,1.7492374455040989,1.2003709979481554
181,2018-01-17,0.20450136943615854,1.807213372363849,1.1409093550970368
182,2018-01-18,0.19898136586240078,1.5745407070414,1.2972644998026905
183,2018-01-19,0.20763934500416967,1.0673047713862294,1.7387134954285817
184,2018-01-22,0.23928564594868373,1.0193411837324158,1.5689113214874593
185,2018-01-23,0.2750700469547308,0.8917963682831398,1.7052651640918293
186,2018-01-24,0.2758007721295891,1.0346855923822562,1.5157360445807484
187,2018-01-25,0.248984700677416,1.1191484127739009,1.497109711847472
188,2018-01-26,0.24669806140092507,1.182951247027431,1.4914630746560762
189,2018-01-29,0.21805445165689644,1.3126819721108722,1.4848646110173778
190,2018-01-30,0.1885518168713159,1.509498851192886,1.4261711625623523
191,2018-01-31,0.14491440461670146,1.660990482239868,1.5967094063262097
192,2018-02-01,0.16015880527021506,1.5193717091601535,1.6910135325068305
193,2018-02-02,0.1462623645153931,1.604288230842075,1.7248496537709168
194,2018-02-05,0.0696559713318843,2.3771463846935528,1.962593364217922
195,2018-02-06,0.05863360962148714,3.094123885704081,1.8807359896820677
196,2018-02-07,0.038951055396762205,5.871978860057197,1.5464293441037613
197,2018-02-08,-0.020431964676226058,-9.298517334261618,1.7174177279826794
198,2018-02-09,-0.06062450487799022,-2.51830810626014,1.8495091067806173
199,2018-02-12,0.002176375233032199,77.52485525792369,1.9425262235437861
200,2018-02-13,-0.008639278793690407,-18.673457829363663,2.127462970510402
201,2018-02-14,-0.023940328230080615,-6.298888707781967,2.137085197985037
202,2018-02-15,0.06113592490658189,3.4945965576406586,1.8178599573117322
203,2018-02-16,0.03598273765358006,5.610787678489812,1.8671971974518924
204,2018-02-20,-0.0208778582898061,-8.945168288474507,1.9263813651999928
205,2018-02-21,-0.03881994553703744,-4.29217597489999,2.1981118257061154
206,2018-02-22,-0.04065610127428708,-3.5863434270377046,2.50928021907909
207,2018-02-23,-0.005967757831430559,-20.647892016099338,2.8765268245515556
208,2018-02-26,0.014710473422336794,9.747494227608284,2.5806901810431206
209,2018-02-27,0.010595755269405139,18.454631573117254,1.892337587032712
210,2018-02-28,0.027035890569822002,7.649407744266893,1.784896016993923
211,2018-03-01,0.07496539705499752,2.7039368638587944,1.9767818108978483
212,2018-03-02,0.05612012384587778,5.3360695063457,1.3800225467086953
213,2018-03-05,0.10356812884000222,3.1920184536260967,1.3382050219080694
214,2018-03-06,0.07531204959573087,3.232620721792211,1.3507316795318964
215,2018-03-07,0.032556040594411265,6.808506107522035,1.430762080349921
216,2018-03-08,0.005437312786376611,39.91337873440074,1.4251469989495669
217,2018-03-09,0.0213133698738743,9.968654333342155,1.468583412639011
218,2018-03-12,0.035085843403453686,6.1854441418012716,1.6430364312312107
219,2018-03-13,-0.03455657120843899,-6.006148019241217,1.6406773675804536
220,2018-03-14,-0.03444254145741052,-6.168697429428743,1.6033533554329258
221,2018-03-15,-0.04457638327342227,-4.492877210237686,1.7073130756389572
222,2018-03-16,-0.11884176045528114,-1.7754712154865155,1.5762349094968628
223,2018-03-19,-0.12364914329993258,-1.534159710836544,1.6179132901655737
224,2018-03-20,-0.09709798636543793,-2.0207671180191573,1.624796103485573
225,2018-03-21,-0.11441651837068373,-1.8104399516264882,1.5637591861938385
226,2018-03-22,-0.0835648345154267,-2.8392768225835754,1.5220902501072555
227,2018-03-23,-0.09635462374235679,-2.494974216120679,1.494961523766615
228,2018-03-26,-0.1251630001984204,-1.942515021410588,1.439775300776861
229,2018-03-27,-0.13382504763634198,-1.6810027238890035,1.4027849982884955
230,2018-03-28,-0.15006072525072464,-1.2780100733165447,1.6737757670315903
231,2018-03-29,-0.14543469200236775,-1.3202143056305506,1.8045679928860647
232,2018-04-02,-0.14874499496135019,-1.2990411981565888,1.7877347938901187
233,2018-04-03,-0.1515135874409159,-1.3591290751184268,1.7906762167775143
234,2018-04-04,-0.037908661415212624,-6.1446914683437885,1.6780863871216478
235,2018-04-05,-0.0342107701412869,-5.433486762230168,2.003814904222196
236,2018-04-06,-0.05129338979701465,-3.437291268543283,1.7873156759996276
237,2018-04-09,-0.027779577685797443,-7.511109089299692,1.6142924595726
238,2018-04-10,0.0022699543685704357,91.99319991686939,1.9179412015209494
239,2018-04-11,-0.018476374649111435,-9.950003188859464,1.9701825055291031
240,2018-04-12,-0.023095689516089823,-7.409026868642242,2.0866616966333336
241,2018-04-13,0.004355343043142359,40.9414794305693,2.080033763916576
242,2018-04-16,0.020615921263297296,9.312256366613058,2.0640681521031965
243,2018-04-17,0.06694806181898294,3.3190667159906244,1.85244885508094
244,2018-04-18,0.05505705073557068,4.035906041365727,1.8652002344984653
245,2018-04-19,0.07318969665738892,3.240370022250758,1.61453227238839
246,2018-04-20,0.03596044634305519,6.345408566807815,1.7137432722270094
247,2018-04-23,0.027083246503344496,8.204521701489114,1.8043161636532539
248,2018-04-24,0.00894219102211705,22.297347330301115,1.9508044041758452
249,2018-04-25,0.03669068137235616,5.748206352968784,1.7527873940670249
250,2018-04-26,0.05767024610336963,3.6399787028395334,1.8222467711591688
251,2018-04-27,0.025165213645558925,7.087387128055156,2.0993080480778032
252,2018-04-30,0.04139633498855173,4.535144158951586,1.890729250865336
253,2018-05-01,0.03610391397456056,5.769595501018101,1.7620775479711777
254,2018-05-02,0.026828102675888296,8.602089714498273,1.6097901933900656
255,2018-05-03,0.034071739241142894,7.30869326312744,1.4078482911368244
256,2018-05-04,0.04421991752916118,5.907778603451026,1.24525579864633
257,2018-05-07,0.05023479054932038,4.728911192789396,1.436704597747507
258,2018-05-08,-0.0024706065608516153,-93.12140865258809,1.4346435302492064
259,2018-05-09,0.036468195474415044,7.2860712014794276,1.2059689847349004
260,2018-05-10,0.0342768515763516,7.940460042292416,1.0796171374149546
261,2018-05-11,0.029990651895818406,7.645813912658914,1.2759955558027087
262,2018-05-14,0.03842270050844561,6.6105600852212545,1.2954480861785003
263,2018-05-15,-0.00450438569753492,-51.24047091972221,1.3436029757671313
264,2018-05-16,-0.015855324214249435,-14.342378333937077,1.2524526531063562
265,2018-05-17,-0.02015738735536848,-13.47797099109877,1.0162817517911482
266,2018-05-18,-0.033901574943741734,-6.767474237998295,1.1647285166555512
267,2018-05-21,-0.027336425426575106,-8.52199000341145,1.1535138912674106
268,2018-05-22,-0.011507417550184296,-18.401614930461303,1.2292553391455485
269,2018-05-23,-0.022989625629947025,-9.453258911890456,1.1206701723837662
270,2018-05-24,-0.027461655474635152,-8.116637726654613,1.205497068757902
271,2018-05-25,-0.020810037603008445,-10.427852198992282,1.1449728729647353
272,2018-05-29,-0.032335389864335366,-6.313719916195977,1.2791417153904698
273,2018-05-30,-0.038685247069892265,-5.9316757698378435,1.191140806055917
274,2018-05-31,-0.01567781635145521,-16.916000943582258,1.1791495661922828
275,2018-06-01,-0.0113249618169537,-22.616924141653364,1.195689957113903
276,2018-06-04,0.011428668365683622,23.340930043051085,1.1762744303439954
277,2018-06-05,-0.02038568873405407,-12.61300289138544,1.1998643850536024
278,2018-06-06,-0.013793148817162537,-17.003878652161212,1.20173575437125
279,2018-06-07,-0.01135093851671479,-22.120533560619837,0.9898315019531698
280,2018-06-08,-0.016000132049366674,-14.603725487638352,0.9801539635192497
281,2018-06-11,-0.016036949502437597,-14.597411958220771,0.9206258209504051
282,2018-06-12,-0.059378320344456975,-3.8145097971035895,0.9207902637524513
283,2018-06-13,-0.05808847122709661,-3.613307301204361,0.9993090840260509
284,2018-06-14,-0.03564498844142535,-6.434344434825768,0.9563633152245798
285,2018-06-15,-0.05195614758144147,-4.437798420339729,0.9481632734495097
286,2018-06-18,-0.045701039202764644,-4.586898786046053,1.0907654706242533
287,2018-06-19,-0.03380233582686396,-6.417203372879335,1.0995135472401942
288,2018-06-20,-0.04367091424400893,-5.010219116846623,1.1075766321208955
289,2018-06-21,-0.024431282474080624,-9.785884961627088,1.1671972181871944
290,2018-06-22,-0.012365791478532439,-20.728411580485727,1.1303058954901448
291,2018-06-25,-0.012549219571438862,-18.27620687500786,1.3042715023495972
292,2018-06-26,-0.012672975455779178,-17.05807082443808,1.371517652922021
293,2018-06-27,-0.026754342855995244,-8.093841944245133,1.3034477205273152
294,2018-06-28,-0.042211015169192165,-5.243519673571627,1.241057672839352
295,2018-06-29,-0.04514584445726734,-4.858361679605654,1.219181723780084
296,2018-07-02,-0.03303235672656443,-6.906940469407009,1.3119238113187695
297,2018-07-03,-0.02144018065180621,-10.091979020364162,1.4826783687149017
298,2018-07-05,-0.005204410685577454,-43.53643742561621,1.4032251568661533
299,2018-07-06,-0.02135883209074841,-10.885248060345422,1.3434444019073501
300,2018-07-09,0.001900058125022936,129.77542485144008,1.310736631828581
301,2018-07-10,-0.009877730878422525,-23.537408383431526,1.348080643319219
302,2018-07-11,-0.007916212360651901,-27.261643607274866,1.385004417234887
303,2018-07-12,0.018261024273929206,11.588794453074918,1.3465469919459543
304,2018-07-13,0.02837082118089631,8.399647330353849,1.2648599219968106
305,2018-07-16,0.0425596584856118,5.69859742540358,1.076890030021964
306,2018-07-17,0.03357629977559692,6.503800028041774,1.096668549856396
307,2018-07-18,0.03333626293515993,6.517908739914971,1.244011975954623
308,2018-07-19,0.03610523097042269,5.682622286544268,1.234295729787146
309,2018-07-20,0.040242056998903514,5.363896674159125,1.201563312081074
310,2018-07-23,0.023530520378263853,8.961173350932246,1.3369945012049351
311,2018-07-24,0.011919076522640955,16.78931820326949,1.307253666490654
312,2018-07-25,0.016726605111218616,12.447847202431257,1.2761808992828834
313,2018-07-26,0.0072200713724905816,26.065406032153774,1.4509036051954323
314,2018-07-27,-0.0023897042359823347,-82.01019599238833,1.4189061471885218
315,2018-07-30,0.01200498316143812,16.74938291892396,1.4660868664759072
316,2018-07-31,0.016529334332423457,13.145279487448391,1.3200060597711722
317,2018-08-01,-0.009523868969675685,-20.861937128996985,1.5013689299496187
318,2018-08-02,0.002355601666415786,96.02379170851617,1.2981440086619827
319,2018-08-03,-0.009501244561729183,-22.31030719931399,1.308220261043096
320,2018-08-06,-0.018824112423160774,-11.65955531049936,1.2827899406996446
321,2018-08-07,-0.004739447592941384,-46.30935898432154,1.2780101768050198
322,2018-08-08,0.009569549145762132,22.974297508708045,1.2793565824978332
323,2018-08-09,-5.637851296924623e-17,-3802144502834696.5,1.3664534044866488
324,2018-08-10,-0.016451744658255184,-14.156742815443517,1.3009638851079908
325,2018-08-13,-0.01164177277572532,-21.496101258420207,1.298668154972031
326,2018-08-14,0.03019953639114034,8.685258935593147,1.3149775622777193
327,2018-08-15,-0.01891290254844811,-11.937297973181645,1.370121851530775
328,2018-08-16,-0.016687225491466597,-12.39161168996901,1.7837886483544043
329,2018-08-17,-0.03542305476720256,-6.075051786717094,1.6165997521913171
330,2018-08-20,-0.025914088594288558,-8.690395675180968,1.7144351474654402
331,2018-08-21,-0.002372367764905494,-95.74597725241188,1.8644081113491988
332,2018-08-22,0.014117809330360057,16.85933302409496,1.8433686257325754
333,2018-08-23,0.021353204640690893,10.665669140448804,1.7889767237502507
334,2018-08-24,0.004773272452007234,44.74110650448641,1.6764880546684195
335,2018-08-27,0.014218118816153681,15.462022530110403,1.7061061982546457
336,2018-08-28,0.009324171289017247,24.193461304604718,1.8130618493737491
337,2018-08-29,0.04216080905402651,5.689381104993015,1.7408652886377587
338,2018-08-30,0.01864858625201265,12.4923416448352,1.7527084222794813
339,2018-08-31,0.016568292851743226,13.077152871190311,1.7849614886838552
340,2018-09-04,0.009456321847365697,22.372866075404364,1.8418463955202462
341,2018-09-05,0.004739447592941574,47.15082076178742,1.7147380274476043
342,2018-09-06,1.448494102440634e-16,1512939837683380.5,1.7080332903971502
343,2018-09-07,0.0023782287527633213,94.32728560214817,1.6117442437511247
344,2018-09-10,3.235259282696745e-16,700729712040523.6,1.5875507994382374
345,2018-09-11,-0.014151105579659966,-15.06302672317944,1.5944129705348968
346,2018-09-12,-0.03730025657209005,-5.359565644269645,1.6634484534880127
347,2018-09-13,0.022892235075566886,9.740859288078825,1.4681965768310337
348,2018-09-14,0.04881404736663966,5.065157151072028,1.2884362745471074
349,2018-09-17,0.05113148969735844,4.611892624599071,1.3337196520631855
350,2018-09-18,0.07583878025620984,3.458076046974048,1.446082372191787
351,2018-09-19,0.10198468123383887,2.928027092327032,1.1622070351769735
352,2018-09-20,0.0833180791163533,3.525151288979442,1.279031109490063
353,2018-09-21,0.10313721458451036,3.0474837806279567,1.4112568621928339
354,2018-09-24,0.10653446049781508,2.6707307113362004,1.4723256486105993
355,2018-09-25,0.09252835938647319,2.9647262390889164,1.555508175919897
356,2018-09-26,0.0828478491888189,3.4929510104612067,1.5850705376929213
357,2018-09-27,0.07993440261820942,3.7618719964130105,1.5087229755534344
358,2018-09-28,0.08253757892344936,3.6567800644002695,1.5502096422366758
359,2018-10-01,0.07836945366627636,3.4179125561816868,1.635108169921857
360,2018-10-02,0.06386035216448285,3.8467255407269865,1.7867959537006968
361,2018-10-03,0.07259612277317135,3.3659205613183656,1.7926369014202428
362,2018-10-04,0.05854661429269606,3.7668546578446716,1.891554479067002
363,2018-10-05,0.04426317533408958,4.653741241395356,2.009544379210868
364,2018-10-08,0.03912353326628528,5.465571661814834,1.9694022145635102
365,2018-10-09,0.05114887460810512,4.421514375550569,1.9256199203707678
366,2018-10-10,0.007674062600304003,24.503668541217152,2.1670128021464823
367,2018-10-11,-0.021989557304958503,-8.518596548002664,2.104202139572071
368,2018-10-12,-0.03927654174388506,-5.014570966214662,1.9242017443303328
369,2018-10-15,-0.04497798980297426,-4.121682826561223,2.0963846131940613
370,2018-10-16,-0.06819219493553715,-2.6479390886363423,2.1970621131710573
371,2018-10-17,-0.09335554266318583,-1.9670577996429308,2.27014597299106
372,2018-10-18,-0.09932673396819351,-1.984468257334647,2.2262789486188197
373,2018-10-19,-0.1324283600819665,-1.3734265713998062,2.2288869511672913
374,2018-10-22,-0.13694592137265713,-1.0972992941104454,2.6780996512856152
375,2018-10-23,-0.1477941916067734,-0.892284590829989,2.929433926610914
376,2018-10-24,-0.17559117120972165,-0.6021861115462824,3.3674246704608493
377,2018-10-25,-0.17037607589275647,-0.7427713350173483,3.0158997589981076
378,2018-10-26,-0.17322489920923348,-0.6955001321674821,3.041647569736944
379,2018-10-29,-0.17872032431188245,-0.5137873899512629,3.721519545284842
380,2018-10-30,-0.14103789526036983,-0.817788233578484,3.1379667315940853
381,2018-10-31,-0.13480561982491115,-1.0120537148160915,2.8513402120846796
382,2018-11-01,-0.06584436257941012,-2.6742350651529345,2.448630244062145
383,2018-11-02,-0.03182282853099287,-6.058825674072707,2.2482190481107662
384,2018-11-05,-0.023365462924412148,-8.151647259120532,2.194328981982056
385,2018-11-06,-0.01103969805706681,-19.00255776138907,2.242223677153759
386,2018-11-07,0.03751009997674922,5.727990225483321,2.2186422758594024
387,2018-11-08,0.05455026669608616,3.9909678289734867,2.3710942171395732
388,2018-11-09,0.06583477138378324,3.4199357508021873,2.6251196663815257
389,2018-11-12,0.050978440581194676,4.214673567378208,2.7330931687027356
390,2018-11-13,0.06684586665452022,3.3838093573952324,2.7942041145869343
391,2018-11-14,0.055247092103498784,4.083516639116303,2.915397242988275
392,2018-11-15,0.05705114926635855,3.9824963717326716,2.8413306240802156
393,2018-11-16,0.09258921764063588,2.579287445286139,2.6799771297867414
394,2018-11-19,0.09937234005071466,2.2903077624313393,2.790384516665224
395,2018-11-20,0.08961231913994333,2.1658793907086493,3.1473138823687843
396,2018-11-21,0.1381004635291192,1.54814698077153,2.9342239424595227
397,2018-11-23,0.11840492881353035,1.7338047273153778,3.0203877228253653
398,2018-11-26,0.1575863117961097,1.5870796535593121,2.6186460991945224
399,2018-11-27,0.17209945474311067,1.3432840240915773,2.774262336839357
400,2018-11-28,0.17014050106249737,1.4540140386795068,2.640186578305568
401,2018-11-29,0.14984346618598518,1.6730274097901245,2.6275856021650252
402,2018-11-30,0.08701154740558956,2.8013702554463613,2.6642549086124463
403,2018-12-03,0.09171588494195493,3.0689522234311877,2.4748016130808645
404,2018-12-04,0.04257922336715892,5.33418963356165,2.859543890001512
405,2018-12-06,0.026923678994876698,8.87261459552465,2.7976524892617904
406,2018-12-07,-0.01250306206369681,-15.92386648289229,3.0158881057904954
407,2018-12-10,-0.005967189312262479,-33.12794444994455,3.249212780867232
408,2018-12-11,-0.017320458082488333,-12.11363340562435,3.467600406815704
409,2018-12-12,0.012348508932730236,17.916520230761996,3.2681585686658896
410,2018-12-13,-0.004500298869571587,-47.29768631742639,3.3667932772355367
411,2018-12-14,-0.009208525558810448,-21.10481518153722,3.585234391694209
412,2018-12-17,-0.03190677393737831,-5.032290829662052,4.206877505296308
413,2018-12-18,-0.07743237420451948,-1.7737893243032437,4.708766259174535
414,2018-12-19,-0.1335139734048273,-0.5844787051654138,7.116033692575172
415,2018-12-20,-0.20011829380851656,0.05670689843830838,-40.261138335603945
416,2018-12-21,-0.2517239146082836,0.19258499207656635,-9.488424210222297
417,2018-12-24,-0.258235038625106,0.21525332361945185,-7.983272573017153
418,2018-12-26,-0.26915132428694316,0.14762764646035123,-12.070110418249563
419,2018-12-27,-0.2279689563971265,0.0553668135658134,-39.73672644301732
420,2018-12-28,-0.2356287719588211,0.050224405178611174,-43.197255693430755
421,2018-12-31,-0.23509863990954696,0.1780678548797753,-12.206766555338804
422,2019-01-02,-0.23593427150082158,0.3087753660284863,-6.925899958841577
423,2019-01-03,-0.28587723213787325,0.3705199770632944,-5.0886870494283
424,2019-01-04,-0.18891768410135493,0.2643049627431138,-12.15284893051857
425,2019-01-07,-0.17006170552581354,0.10161511571984463,-37.014636322377534
426,2019-01-08,-0.11167665626948417,-0.015803409049471584,377.9854911368957
427,2019-01-09,-0.13273112385225533,0.2762017786849974,-18.44563314874357
428,2019-01-10,-0.1309212872083846,0.5096788406111783,-10.181922529937534
429,2019-01-11,-0.11822725072394352,0.6898257195727677,-8.863909697541393
430,2019-01-14,-0.10795253133330834,0.8759384090311425,-8.159574377799784
431,2019-01-15,-0.08424517586913635,0.9664062453946334,-9.305231157529205
432,2019-01-16,-0.060238557727245644,1.6507285108555751,-7.532255544923367
433,2019-01-17,-0.03278981550760454,3.0479728134229416,-7.614445574941615
434,2019-01-18,0.044360861077715516,-1.7263963914806464,-9.62747267585145
435,2019-01-22,0.14169350548929627,-0.5455008471320476,-9.834275395300178
436,2019-01-23,0.1864116685731296,-0.54370107972137,-7.370797328410196
437,2019-01-24,0.202178223451848,-0.6354679136476511,-5.696153178076243
438,2019-01-25,0.1964408459787852,-0.6062593657829893,-6.466304927850895
439,2019-01-28,0.1705148758119219,-0.5342157928414483,-8.402149076380445
440,2019-01-29,0.14976406291419736,-0.7262644407800384,-7.364694638360944
441,2019-01-30,0.15591679101158865,-0.6670299617147942,-7.799114319128462
442,2019-01-31,0.17563270210021337,-0.4883475844008486,-9.49119914873791
443,2019-02-01,0.1958745345604595,-0.2806035796037586,-14.693147368902784
444,2019-02-04,0.18287572774275795,-0.14881668180516067,-31.460891511705483
445,2019-02-05,0.17327167024921217,0.0561457382693152,89.42558428555681
446,2019-02-06,0.15918900848075296,0.5735189250846502,9.757326019627142
447,2019-02-07,0.13943804234357743,0.3165840504162234,19.569861093615348
448,2019-02-08,0.13717380762572434,0.22959880532880447,27.34286874106116
449,2019-02-11,0.09766266373347496,0.3741289527557984,21.43112340829231
450,2019-02-12,0.09600382479364118,0.6465217532537305,12.376420788365191
451,2019-02-13,0.08839169783562485,0.0543066669815152,162.74450605329403
452,2019-02-14,0.12287414720171555,0.26104694952279006,25.561331311096435
453,2019-02-15,0.15976266565404554,0.5242809846523899,10.487898520515966
454,2019-02-19,0.1651340517357076,0.1660087429178945,32.57294518812169
455,2019-02-20,0.1465584774181557,0.22708896184897212,26.926752716489638
456,2019-02-21,0.12499159552358409,0.35616177352594564,19.99527388278905
457,2019-02-22,0.14155021675185142,0.36660055800497865,17.337954061999817
458,2019-02-25,0.12701270805072015,0.3824397367280573,17.740193176800467
459,2019-02-26,0.11561669215904868,0.26373968886261556,28.503500357560895
460,2019-02-27,0.12389269238146289,0.0033408391555947727,2054.539789729435
461,2019-02-28,0.12810262095460972,0.10542871367820422,60.799269678796485
462,2019-03-01,0.11490249690043974,0.01824852004740618,388.2988906376667
463,2019-03-04,0.10660948522625913,-0.21873295167060516,-33.54961808966199
464,2019-03-05,0.05435877779235792,-0.5330565957458786,-26.949180279825818
465,2019-03-06,0.031762868765067925,-1.9543824799573992,-12.868224845547111
466,2019-03-07,0.01029765940274384,2.55237795388554,27.755468538966486
467,2019-03-08,0.056720845280682296,1.2042956090566914,10.366202379092874
468,2019-03-11,0.09020702838884148,1.2888647373968503,6.125458535715794
469,2019-03-12,0.10812919940553752,1.1408043369947738,5.520889224533707
470,2019-03-13,0.11103117483765354,1.2430192940014235,5.171368093398337
471,2019-03-14,0.10591771096403259,1.3715793076390577,5.034820717761628
472,2019-03-15,0.07814524377970543,1.8512157559729543,5.01261779731306
473,2019-03-18,0.042180155622527866,4.042589792264134,4.259302405607529
474,2019-03-19,0.019650422611195862,8.442865717988951,4.302241819103585
475,2019-03-20,0.027753326335415593,6.654491785610959,3.8125076136263143
476,2019-03-21,0.03202012948254297,5.422693380430038,4.213434824562843
477,2019-03-22,-0.015239515405584271,-9.913004934310251,4.452815353732358
478,2019-03-25,-0.014782872925714912,-7.938691539017713,5.682964337596972
479,2019-03-26,0.00269167200899929,48.12585104559919,4.78238423573583
480,2019-03-27,-0.006356264368798473,-18.756400689161136,5.02121746182507
481,2019-03-28,-0.0007416211452846719,-197.66038491370165,4.056580472347392
482,2019-03-29,0.005175099423089445,30.401855564365956,3.799110430154
483,2019-04-01,0.03428261439906129,4.562029523223532,4.02484294668665
484,2019-04-02,0.04897687779801751,3.4454129235509856,3.8349029882955645
485,2019-04-03,0.05303994475857691,2.686215806226279,4.688371048287767
486,2019-04-04,0.0645545216655894,1.994387048268002,5.108530185875972
487,2019-04-05,0.050273591413856775,3.039230382624694,4.3311392869803385
488,2019-04-08,0.019650422611195987,9.526943723708083,3.580730383801227
489,2019-04-09,0.00952492152650956,16.86720026015698,4.027853577895655
490,2019-04-10,-0.007575923074010483,-16.91780841280628,5.128851000136699
491,2019-04-11,-0.009686304252903746,-15.905406958570822,4.216151649729235
492,2019-04-12,-0.005874833478713593,-27.55560019926932,4.0089014442224435
493,2019-04-15,-0.0037711429760785226,-43.061369342561264,3.784443654210113
494,2019-04-16,0.0029369100362330947,50.47034684491508,4.217253231306587
495,2019-04-17,0.005042113844503269,24.35056762587226,4.987503204490297
496,2019-04-18,0.02944433889337278,5.027201761239639,4.4617559749510365
497,2019-04-22,0.04275782127901954,2.821414010935097,5.424525472537564
498,2019-04-23,0.04394454788747713,2.8522484764916,5.083115305804419
499,2019-04-24,0.038183929648547756,3.6832167513502796,4.4627600080002265
500,2019-04-25,0.0489138176135019,3.25454596974382,3.9939433748633704
501,2019-04-26,0.03750161272775407,3.9304990284702876,4.440143598232555
502,2019-04-29,0.05081942166599191,2.961108092564594,4.662080135896683
503,2019-04-30,0.03411315332707394,4.846993683579921,4.081867718890895
504,2019-05-01,0.04132822292997447,4.081410806065686,4.133523306270749
505,2019-05-02,0.03533923493159574,4.010048865041857,5.115331039471997
506,2019-05-03,0.05635864964853024,2.8083932080824283,4.75290940107053
507,2019-05-06,0.06134376560648497,2.935343975932248,4.212476425560059
508,2019-05-07,0.05755506653508884,3.484378204091031,3.7647293490798805
509,2019-05-08,0.06554364539385532,2.6847394989560436,4.316837007073176
510,2019-05-09,0.0717210781217603,2.821481565786495,3.8475091260854435
511,2019-05-10,0.08785729026087125,2.338493541553351,3.8912874111369695
512,2019-05-13,0.06359102522932417,3.006693720382387,4.220426770376172
513,2019-05-14,0.06619031757120805,3.0002914852050315,4.104029458595152
514,2019-05-15,0.07852699416848342,2.3982983665077073,4.326141342204401
515,2019-05-16,0.08589303639522622,2.4818747268379577,3.752925776079028
516,2019-05-17,0.05756718961027402,3.8467249776651022,3.62474481027428
517,2019-05-20,0.07387129151270645,2.905948853822802,3.6495807493267445
518,2019-05-21,0.0824882857689801,2.9304843496431836,3.278080529961553
519,2019-05-22,0.08026424798146221,3.092788744239933,3.2486405420481055
520,2019-05-23,0.07909258658402904,3.158226110706817,3.16834608044704
521,2019-05-24,0.09350402564460417,2.822271039645726,3.10526946644623
522,2019-05-28,0.08851161941400351,3.0103965717421244,3.0081475154723174
523,2019-05-29,0.07862584843533628,3.3676218446078643,3.0184855548961593
524,2019-05-30,0.06920879725570923,3.904440670794098,2.936973915683302
525,2019-05-31,0.04824543034204605,4.739158397382323,3.3340894686741867
526,2019-06-03,0.0468836525290022,4.710356507174357,3.5441110032140224
527,2019-06-04,0.0438481492177501,5.364836784798041,3.3318983052611855
528,2019-06-05,0.052918577004331904,4.573696832186325,3.299072421436105
529,2019-06-06,0.019631513368048727,11.001944259074834,3.6137547235747234
530,2019-06-07,0.014444944571260138,15.963909868238813,3.4702092447220956
531,2019-06-10,0.005797174267190466,38.39833139002947,3.5656635234367657
532,2019-06-11,0.022262149090227706,10.307226694030476,3.528025661458132
533,2019-06-12,0.015594563561036376,14.76294981737126,3.5996110978792024
534,2019-06-13,0.047467394674953305,6.218518603806955,2.9091259123156314
535,2019-06-14,0.05130720424640374,6.287059223984032,2.762326695027579
536,2019-06-17,0.07017174861235032,4.663727065282241,2.7778575286092004
537,2019-06-18,0.06164954798033751,5.324806121339892,2.748099815460647
538,2019-06-19,0.0744458794515874,4.860948004040626,2.4689284511513345
539,2019-06-20,0.059218104255856274,5.762778243123528,2.5854439234144593
540,2019-06-21,0.05087229216497416,6.768625195919127,2.468859430071596
541,2019-06-24,0.0311137792415696,10.26679410760623,2.7613048678302023
542,2019-06-25,-0.020695792847846325,-12.472345281558384,3.5630854836092265
543,2019-06-26,-0.0058578641668988705,-46.3434235433838,3.440600130007942
544,2019-06-27,-0.002386815113942174,-117.52389260702795,2.9669238988060376
545,2019-06-28,0.03096828698717664,9.247052195769873,2.799795010109595
546,2019-07-01,0.03584476250047006,8.33858211323982,2.7479344184706593
547,2019-07-02,0.0353508883993898,8.931455785728042,2.625642385323477
548,2019-07-03,0.03845099279578234,8.153674449863804,2.665016470476911
549,2019-07-05,0.06545895665608174,4.627081893403534,2.6092146968323164
550,2019-07-08,0.0593991049577553,4.969793888991805,2.5322227777299062
551,2019-07-09,0.06865096340540665,4.553637685860442,2.4289459891038043
552,2019-07-10,0.0900897063499613,3.525937406880626,2.497927464028226
553,2019-07-11,0.09163584027063003,3.6201482896290162,2.3859242020873537
554,2019-07-12,0.06619659317540456,5.578681087378239,2.2847365496879917
555,2019-07-15,0.044146162518554834,7.893247115473577,2.340777402697826
556,2019-07-16,0.030484807534887016,10.804590752250947,2.4848438279217437
557,2019-07-17,0.030671709700776435,10.31517136687995,2.5868775079945117
558,2019-07-18,0.017027799055810484,20.280310290108684,2.409472541735504
559,2019-07-19,0.01974586215295647,16.594383141351212,2.4844250912495527
560,2019-07-22,0.03310864606152554,10.309660291719531,2.2840902902673115
561,2019-07-23,0.04905405375782244,6.691613373324562,2.1933059740062237
562,2019-07-24,0.11791214322545147,2.989570772597444,1.9792459800781785
563,2019-07-25,0.1127647793325513,3.3017329095117556,1.9000182179317424
564,2019-07-26,0.11744203879715046,3.2460543150835757,1.8713818422594124
565,2019-07-29,0.10715467022841432,3.605068861828211,1.814112850594653
566,2019-07-30,0.09490324492963823,4.174645923847021,1.8129683256319544
567,2019-07-31,0.08189632878105087,4.708712198515484,1.9022341617648226
568,2019-08-01,0.04934849956693195,7.018167640449463,2.020073949699104
569,2019-08-02,0.057322263129802334,6.450025958791822,1.8837090850938296
570,2019-08-05,-0.013403067855364395,-20.849155008717776,2.209967114001795
571,2019-08-06,0.0036362869242670057,89.58290487078261,2.019305250661363
572,2019-08-07,-0.013311781138371667,-24.27646559989483,2.060314407972362
573,2019-08-08,0.0081865535451498,42.10090725745365,1.9924741214281667
574,2019-08-09,-0.013035003529036733,-26.59647379069957,1.9663104327012728
575,2019-08-12,-0.02327779557138807,-13.969483209446024,1.9909526278371104
576,2019-08-13,-0.008870060337804696,-37.988191857039425,1.8977143458117993
577,2019-08-14,-0.03360749091871261,-8.760494029376767,2.0313046127047625
578,2019-08-15,-0.047911263405372995,-5.577357590260827,2.2333444364630375
579,2019-08-16,0.007084727485031632,49.91977924389655,1.8224259104863354
580,2019-08-19,0.028613209514973606,13.512616556252238,1.770771721422276
581,2019-08-20,0.009807316728412107,38.0818876334701,1.7519467225594474
582,2019-08-21,-0.0044867084237791965,-83.34262937832598,1.7717717787643037
583,2019-08-22,-0.006557322805687254,-56.14093416234537,1.8061368275809804
584,2019-08-23,-0.048909297842491546,-6.505841295484887,1.996137715374581
585,2019-08-26,-0.050696949421588894,-6.198594088263353,1.992832784609118
586,2019-08-27,-0.058655425364291545,-5.673111135456004,1.8710218315704465
587,2019-08-28,-0.033017873697907055,-10.248699020626464,1.8301211927780896
588,2019-08-29,0.020377297031144333,17.538595426138976,1.782026518859827
589,2019-08-30,0.013144463611697896,25.9207031817087,1.7531551441134283
590,2019-09-03,0.06141813124308236,5.246206255033461,1.9107697792445164
591,2019-09-04,0.061584926485453106,6.020398178777886,1.7267711612906995
592,2019-09-05,0.07733646680114639,5.056387471621511,1.7041801624293393
593,2019-09-06,0.05851633219909868,6.809008719360993,1.6489504070927903
594,2019-09-09,0.06220854874996623,6.572949967296736,1.6256521347559911
595,2019-09-10,0.05395271064753149,6.9830273912183625,1.6449023798767466
596,2019-09-11,0.06116954201920882,6.508583892784863,1.5852380909074233
597,2019-09-12,0.11085806628980194,3.783463030184226,1.5780013071976977
598,2019-09-13,0.11557354512752965,3.6348461046947387,1.5681111921568331
599,2019-09-16,0.08274668598918138,4.997450689730652,1.59254575099088
600,2019-09-17,0.06513805962518189,6.1862963557223605,1.630944004645176
601,2019-09-18,0.08317036042345202,4.875775484183043,1.6068601932071118
602,2019-09-19,0.027729388792607217,11.750157504910694,1.9804670830553797
603,2019-09-20,0.027065864212123453,10.833402864789374,2.1617522957417337
604,2019-09-23,0.07000538521147276,4.35514260525782,2.097831892159034
605,2019-09-24,0.045012939162864946,5.690042470439294,2.3243150691602965
606,2019-09-25,0.07969484140356614,3.8386314886515707,2.120607363936115
607,2019-09-26,0.06054957129589741,5.060505882740967,2.050877661368339
608,2019-09-27,-0.042061570272274286,-5.5271295755606555,2.4723773166193985
609,2019-09-30,-0.0713812082607494,-2.653333188067902,3.2160687117979987
610,2019-10-01,-0.06100744304639526,-2.928612533297063,3.132348221978395
611,2019-10-02,-0.10010166342237002,-1.9209936737332247,2.863269273055066
612,2019-10-03,-0.10892062595798843,-2.0038643901523625,2.449109365718227
613,2019-10-04,-0.11348924689841246,-1.8711274618571272,2.390345863475804
614,2019-10-07,-0.13054692781645227,-1.6836867786851064,2.400428826993743
615,2019-10-08,-0.10578573918846124,-2.1430520172077054,2.2598515519115545
616,2019-10-09,-0.1191731219222149,-2.0124541243728435,2.179360474971285
617,2019-10-10,-0.14307535209419725,-1.5740179241677292,2.2749538972905556
618,2019-10-11,-0.12173601459829594,-2.3878058935406585,1.7832970832605883
619,2019-10-14,-0.1461368423961098,-1.9801659399075116,1.924714622159847
620,2019-10-15,-0.1381021625623492,-2.2022661659792244,1.9491565864339266
621,2019-10-16,-0.15653069745859244,-1.8780169096574864,1.9226378294718414
622,2019-10-17,-0.07922135416150239,-3.9736196122111975,1.9609549996177367
623,2019-10-18,-0.052800187345837364,-6.321393597049058,1.9928102685694429
624,2019-10-21,-0.04767734346304402,-7.478034645816171,1.9065741046249245
625,2019-10-22,-0.024727418176769007,-14.713484232778011,1.8519077596891345
626,2019-10-23,-0.03517523445712781,-11.590251519353789,1.7040459491802498
627,2019-10-24,-0.05386187684187088,-7.432785487230139,1.7433924644293854
628,2019-10-25,0.017857524886795813,23.851482657479984,1.5814191509739937
629,2019-10-28,0.0888125828465322,5.050937302398668,1.6089673792270422
630,2019-10-29,0.11639372240185808,4.02329072631924,1.599718493391213
631,2019-10-30,0.12525294511410653,3.9621258497229745,1.587094379797479
632,2019-10-31,0.11074841433477936,4.244290774986326,1.8001271407015627
633,2019-11-01,0.17173057536693276,3.0215297455345334,1.6758470439839948
634,2019-11-04,0.22789064625014616,2.2534279209879884,1.8009276941027692
635,2019-11-05,0.20312190436501137,2.272768543101378,1.9599178807012851
636,2019-11-06,0.19997654445124532,2.316133871466756,1.96904575069975
637,2019-11-07,0.20962736663516532,2.126965770509813,2.048650789068932
638,2019-11-08,0.17005153373662893,2.4887949998105805,1.9041418405332122
639,2019-11-11,0.1914021572075294,2.2268666905760726,1.9037389400927924
640,2019-11-12,0.166680121667042,2.4297022721873947,1.9825876631669443
641,2019-11-13,0.18968643642522515,2.2810027997036513,1.8981474705739185
642,2019-11-14,0.15451872923815516,2.604657643575345,2.0563937006738655
643,2019-11-15,0.12537436940069654,3.221535992075913,1.963579308206469
644,2019-11-18,0.1345482541943117,3.2258310132977033,1.7948622148612614
645,2019-11-19,0.16148132378118188,2.679681919056523,1.7574222347719592
646,2019-11-20,0.14170959143624667,3.1756994105677374,1.7118081742468279
647,2019-11-21,0.1323778097095485,3.347307740225274,1.7347307517319441
648,2019-11-22,0.1286967153922097,3.2364827317980738,1.859515690985201
649,2019-11-25,0.1113153056149854,3.966185620065728,1.8593973813932116
650,2019-11-26,0.11482013913770718,3.7059666925889267,1.9877699056408127
651,2019-11-27,0.10586482845356451,4.062097975151528,1.9165308642362977
652,2019-11-29,0.11247068934532385,3.6665433811128243,2.008615015144877
653,2019-12-02,0.03661801373615681,11.078252145570767,2.0369597353723634
654,2019-12-03,-0.0018349791238790143,-231.44057234005263,1.9272311445875885
655,2019-12-04,0.027322513558810768,14.53950063625812,2.0587769335718598
656,2019-12-05,0.035306830209807176,12.912517273171115,1.8208415147227044
657,2019-12-06,0.022147810982366033,19.915935066169467,1.8231853380779242
658,2019-12-09,0.04032797360487436,11.804571367921993,1.75824204056579
659,2019-12-10,0.054661935853450826,8.90667712283062,1.7478968737485852
660,2019-12-11,0.06168539555541687,7.846086089307523,1.874353635041832
661,2019-12-12,0.04835712667102944,9.692137282648623,1.8942104107032027
662,2019-12-13,0.0741305163688572,6.489894148724052,1.9520952634089086
663,2019-12-16,0.07440838838312668,6.551881690272626,1.8728153857257428
664,2019-12-17,0.0541757588207748,9.600464769563668,1.747998254016001
665,2019-12-18,0.04175265556626485,13.218407449476201,1.6232501989726105
666,2019-12-19,0.04759045979778462,13.261723082319852,1.3953496552539304
667,2019-12-20,0.07496245729114931,9.580662696062678,1.1295265316873129
668,2019-12-23,0.08895436661670218,8.512263164030331,1.0682857286887604
669,2019-12-24,0.06869129162171159,11.186621717669302,1.0761140425219746
670,2019-12-26,0.05378797110714116,13.9149867762438,1.1249384142329701
671,2019-12-27,0.061872237241151186,11.634854840200887,1.1712031991144602
672,2019-12-30,0.08645411974814493,8.495391028615717,1.083792738202462
673,2019-12-31,0.10181499772033213,7.293397274424408,1.1092024903943631
674,2020-01-02,0.09361620480386039,8.056715144002366,1.0653101303964323
675,2020-01-03,0.08575152796363561,8.966422892196944,1.0339936045392228
676,2020-01-06,0.08043639861857659,9.016491913121163,1.1025668067948309
677,2020-01-07,0.08469554635553088,8.215917450286334,1.2205753986991652
678,2020-01-08,0.1028156830846552,6.716356504950498,1.2691575533134098
679,2020-01-09,0.08851924733279304,7.999464591903357,1.2616407685756452
680,2020-01-10,0.08422391808681334,8.300897715959469,1.2776421310994792
681,2020-01-13,0.09113350291521334,7.440125115787842,1.3302344305558769
682,2020-01-14,0.06217103510877772,10.474697256154911,1.4023670570185787
683,2020-01-15,0.06130513397944698,10.326464134487091,1.3628580385335411
684,2020-01-16,0.08555606723551518,7.783283061070421,1.1867075119718382
685,2020-01-17,0.09386280813282245,7.229234352894618,1.1531541358242956
686,2020-01-21,0.06953482405566806,9.43851474551836,1.1330820631099687
687,2020-01-22,0.08931282734497889,7.454800836820893,1.1942862227402704
688,2020-01-23,0.08562127637807804,7.666465787515591,1.2513331850288996
689,2020-01-24,0.06543744272504687,9.65323043868904,1.2745439119825563
690,2020-01-27,0.03363308386701033,17.41294812217698,1.3267078562678902
691,2020-01-28,0.04792840325373291,12.462088987589155,1.3480999691801072
692,2020-01-29,0.03491756877254858,17.745080225652437,1.3036391467238129
693,2020-01-30,0.023810580119952063,25.638645211580435,1.286090013871253
694,2020-01-31,0.014525249158696208,40.834524457755464,1.3223005198268645
695,2020-02-03,0.05707975382151247,11.038759638055605,1.3028782031440167
696,2020-02-04,0.06841215318041831,8.928100267387489,1.374597046061522
697,2020-02-05,0.08359587313433903,7.251264894080839,1.458779393374737
698,2020-02-06,0.07545225803538182,8.042304461804582,1.4445390847957118
699,2020-02-07,0.05424078810267842,11.484149701522407,1.3417655826505497
700,2020-02-10,0.0806161931158003,7.970811941504605,1.2599935788937093
701,2020-02-11,0.10298991498129322,6.635328471735774,1.2079507861658958
702,2020-02-12,0.12098776199103214,5.589050470358628,1.2413383281944588
703,2020-02-13,0.13750187411341888,4.961208332431777,1.2306001011905243
704,2020-02-14,0.08281662245852928,7.557052504238478,1.3059813631017088
705,2020-02-18,0.07291914139852979,8.114641799243278,1.3843190376724392
706,2020-02-19,0.10774113703695286,5.55881034810575,1.3549968218035098
707,2020-02-20,0.07237638944362187,8.174312874732545,1.2991948327273473
708,2020-02-21,0.052677429422653535,11.08821038415809,1.240556045376073
709,2020-02-24,0.0499448663888539,10.813470985697224,1.2811131744847324
710,2020-02-25,0.034420469817586986,14.324583857946628,1.4402281189179746
711,2020-02-26,0.006818815530273865,71.6385635574868,1.4476785151458673
712,2020-02-27,-0.04419384639942815,-10.216999812411954,1.4408734509700325
713,2020-02-28,-0.055116200127471995,-7.751844174800456,1.7086032231098913
714,2020-03-02,0.012128166681808994,40.43128072626403,1.608628414184061
715,2020-03-03,-0.048602822970119655,-9.770571860211318,1.6317646078235157
716,2020-03-04,-0.033349731216704356,-15.684745723875016,1.5560149211987866
717,2020-03-05,-0.07852994385249604,-6.314572291849959,1.5903172265483654
718,2020-03-06,-0.14304151886071936,-3.170204404983053,1.6201362288549028
719,2020-03-09,-0.22314350948143996,-1.537328943758167,1.8712394460204724
720,2020-03-10,-0.181965076876174,-2.0355796609978345,1.8926947565698546
721,2020-03-11,-0.28553182219271056,-1.0146360967893902,2.1591551578906003
722,2020-03-12,-0.37230223282404995,-0.518055717632681,2.9094447347379218
723,2020-03-13,-0.24902296119253364,-1.314074693565746,2.1594853696346132
724,2020-03-16,-0.3656586876186336,-0.4978567142217832,3.0934241427960174
725,2020-03-17,-0.265357971315186,-1.0709103043382528,2.3236266832811663
726,2020-03-18,-0.4118053596310291,-0.4066405677320639,3.312245729418794
727,2020-03-19,-0.4434269168992863,-0.27162764421968955,4.153145416668656
728,2020-03-20,-0.5434921508300913,-0.015798093144995563,45.96361097923758
729,2020-03-23,-0.5281935443332437,-0.05135112866056538,14.327531618256657
730,2020-03-24,-0.3130661322608792,-0.6221549600084939,2.8766210512570516
731,2020-03-25,-0.2233006652453061,-1.1755352909926673,2.357761828771811
732,2020-03-26,-0.1386738034544489,-2.3018837973382835,2.025806266460755
733,2020-03-27,-0.1395181905864242,-2.0676560113173554,2.194279934692302
734,2020-03-30,-0.13889724446083743,-2.493101783749576,1.9543273720956265
735,2020-03-31,-0.1263692881796919,-2.4865651804029683,2.151032499531426
736,2020-04-01,-0.19570273418033446,-1.422578193816612,2.2149851772896425
737,2020-04-02,-0.15449099103396013,-1.8664652858339297,2.2358170705978337
738,2020-04-03,-0.14465422150357218,-1.6885930288078417,2.5136920974608894
739,2020-04-06,0.013862335223795992,22.119918079975914,2.104499510545628
740,2020-04-07,-0.00625592124629392,-55.067519567584384,2.0016688359323616
741,2020-04-08,0.08151182968020333,4.4373657560077175,1.9043224849253368
742,2020-04-09,0.23998297177939443,1.8352643605904966,1.759226088598877
743,2020-04-13,0.054133718124096515,7.223867255902448,1.8441331720484817
744,2020-04-14,0.1666331774568539,2.1277494019570855,1.9611616837336452
745,2020-04-15,0.013734675178230696,21.964873581589785,2.1379775811675885
746,2020-04-16,0.1714198167876059,1.95974816845756,2.0328219486752674
747,2020-04-17,0.2599575892243883,1.4439373950219068,1.9052279918406918
748,2020-04-20,0.3206338894547939,0.9349469910792894,2.2350158073183373
749,2020-04-21,0.27639016313235426,0.9434332740026062,2.3482309043017677
750,2020-04-22,0.14287774722303873,2.05566543454699,2.2213431382099156
751,2020-04-23,0.11372181022550842,2.972479002969077,2.0503699753874587
752,2020-04-24,0.10144359392734695,3.6645069758387376,1.9080195602535346
753,2020-04-27,0.1632928151262828,2.5369568620168335,1.8089916369964067
754,2020-04-28,0.10749414280311262,3.7486664719807186,1.8625259504408924
755,2020-04-29,0.12618959770758764,3.2197734490123793,1.9028003166956804
756,2020-04-30,0.1141753375928902,3.076404801451809,2.1634105742219494
757,2020-05-01,0.08060400366897137,4.138961159379352,2.296100314133407
758,2020-05-04,0.10522193872934048,2.785782153789869,2.3808489841906284
759,2020-05-05,0.05372560489998354,5.565606183451683,2.4171074044090304
760,2020-05-06,0.08618039922959764,4.329562193649264,2.2007548483671027
761,2020-05-07,0.07685818812343607,4.853254462139826,2.231636544034169
762,2020-05-08,-0.022149318812839467,-15.646612035753611,2.2324116422903297
763,2020-05-11,0.0430709056427597,8.039496825324141,2.275171883689749
764,2020-05-12,0.04675862607443232,7.222651152913247,2.2361690461894
765,2020-05-13,0.08703837425553074,3.705589211851169,2.3349183266219864
766,2020-05-14,0.0341729156478435,8.532651895174245,2.646752246983206
767,2020-05-15,0.012868688582176269,23.494090672653357,2.524212444377971
768,2020-05-18,0.09366732342276343,3.585837747069354,2.387081052905904
769,2020-05-19,0.1330302445386591,2.404826290754173,2.4044543656731814
770,2020-05-20,0.11985827340362733,2.76225265528454,2.421469519713839
771,2020-05-21,0.06997522802189704,4.683752841974763,2.4516281212162037
772,2020-05-22,0.039859897416910026,8.341919823725727,2.431841611507486
773,2020-05-26,0.04718246986220417,7.798346995077812,2.297464865358261
774,2020-05-27,0.061348176685403766,6.125630240957869,2.319660382930357
775,2020-05-28,0.03527811108501851,10.288367708107288,2.3653000912258406
776,2020-05-29,0.11821365015012114,3.3858561102230733,2.239954156386511
777,2020-06-01,0.13628238929826583,3.093971287146552,2.1258808068143034
778,2020-06-02,0.17322913302396714,2.4214799916841727,2.171952958867394
779,2020-06-03,0.1823216599713653,2.399545230464421,2.110540033600399
780,2020-06-04,0.12095272492722167,3.6473551672887417,2.1281189609477162
781,2020-06-05,0.12470955237532874,3.8336308194777,1.9549132589054283
782,2020-06-08,0.16382667600758902,3.0272452682496787,1.9323313568567821
783,2020-06-09,0.12720214706771407,3.6766154719885913,2.024712688415447
784,2020-06-10,0.13283105625001962,3.3748896104623425,2.063855228811643
785,2020-06-11,0.10556892807311223,3.907426481443049,2.172689615670223
786,2020-06-12,0.14720846461526427,2.658316316451377,2.3760447510249936
787,2020-06-15,0.13608710089472434,2.8446342856225546,2.3898443203552797
788,2020-06-16,0.13305102660686097,2.9970088330776266,2.388864474796062
789,2020-06-17,0.14209666964267842,2.817530855586758,2.4029105963062394
790,2020-06-18,0.12723847954436113,3.016944523656686,2.5402304442615575
791,2020-06-19,0.12151889847455363,3.209767963916877,2.48899079759941
792,2020-06-22,0.14506908574892002,2.941390716118979,2.293326104371469
793,2020-06-23,0.06773846316158193,5.972529300306514,2.317949411677641
794,2020-06-24,0.03654890136724962,11.848261489328015,2.1293598416639488
795,2020-06-25,0.08010222357408718,5.604267230058945,2.0871181718075613
796,2020-06-26,0.03612672566361549,12.145245448911984,2.144694333524272
797,2020-06-29,0.019279820527425447,21.263960024401573,2.2199307991593136
798,2020-06-30,0.051641150866554644,8.42869031105032,2.167407295333566
799,2020-07-01,0.02400233809166786,17.754125354765062,2.2166148795978606
800,2020-07-02,0.006953634797761443,58.91310087133349,2.3154692650444786
801,2020-07-06,0.0029110893584448107,142.74467905502087,2.282691994489541
802,2020-07-07,-0.05584645552597474,-6.816868961294239,2.392334106792038
803,2020-07-08,-0.010420080333693897,-37.29360290857432,2.402739371536089
804,2020-07-09,0.011020366298030587,33.503497220322075,2.4909134215610975
805,2020-07-10,0.06472653342343905,5.957271275455188,2.441817695494099
806,2020-07-13,0.030419766406432226,11.688118570245129,2.614624244645597
807,2020-07-14,0.04110522260826978,9.34375412063947,2.4511439771404833
808,2020-07-15,0.03040832729972466,13.110836969952512,2.3828973159694242
809,2020-07-16,0.033277767461703134,12.109220049663383,2.346533769089979
810,2020-07-17,0.032297126803341805,12.358398449424778,2.3649538697891814
811,2020-07-20,0.04558759694907383,9.12285862742007,2.278057437897796
812,2020-07-21,0.02121424484537498,19.553392723852987,2.3110063348402266
813,2020-07-22,0.04899868147572674,8.255621815223263,2.3783530145540466
814,2020-07-23,0.06031603047162147,6.224627596632828,2.5219274500819657
815,2020-07-24,0.0017945414090544745,188.31776575480336,2.709819128606256
816,2020-07-27,0.019174823696564557,17.757698362073473,2.731078380328575
817,2020-07-28,0.045291692518709924,7.685788185533289,2.6658458682516426
818,2020-07-29,0.01896267118463148,18.949160206217716,2.655523538473686
819,2020-07-30,0.007560717846372342,46.53062255471448,2.6986742171732505
820,2020-07-31,0.01462816513784257,25.63136595059955,2.539512602780311
821,2020-08-03,0.03446050850449195,11.39509480816845,2.482271149918052
822,2020-08-04,0.06412614497798111,7.145715406157703,2.1094491138388745
823,2020-08-05,0.04487767486652259,9.578119353574866,2.2637598583253187
824,2020-08-06,0.03796003644265286,11.077245140406324,2.283971326215531
825,2020-08-07,0.03490779408869256,11.811538644326564,2.3950315127471
826,2020-08-10,0.07449200741825247,5.9479783528596855,2.3099500119844723
827,2020-08-11,0.015980338768318794,26.49100457775009,2.293988892996375
828,2020-08-12,-0.009200684188823338,-43.295475611316675,2.430559899599999
829,2020-08-13,-0.004473285150186356,-96.59612571441289,2.220310731076167
830,2020-08-14,-0.014392321731563748,-30.061842109340827,2.228825266047104
831,2020-08-17,-0.011327213198192417,-35.090472342342075,2.456364355019131
832,2020-08-18,-0.029727157346654827,-11.991395268073822,2.688321772303791
833,2020-08-19,-0.01956226997531781,-19.176966552336996,2.5542257856839794
834,2020-08-20,-0.016183696909202492,-22.47618954731792,2.6085648820336877
835,2020-08-21,0.018023086625188936,20.11444796763225,2.6111298615271687
836,2020-08-24,-0.0017742865119996318,-218.47415513696038,2.406141881971058
837,2020-08-25,-0.006346051661070343,-61.84211443331261,2.3458036166118195
838,2020-08-26,-0.007940540891427782,-51.63899843786898,2.3053313332332896
839,2020-08-27,0.0235712689900633,17.32592552451792,2.3533649004544075
840,2020-08-28,0.009221348188210224,39.4501864115727,2.6100878568136583
841,2020-08-31,-0.007143734267393503,-52.128557660244915,2.5516737024232645
842,2020-09-01,0.001483744499284713,268.43758851667127,2.428713989798897
843,2020-09-02,0.009813597127242252,38.525363525954425,2.5978393349697098
844,2020-09-03,-0.02158732975240829,-14.896183842496526,2.9430717874609242
845,2020-09-04,-0.030350677969874333,-10.657018898189468,2.9400645979979756
846,2020-09-08,-0.08919633249444843,-3.2699995412767424,3.1245577317657816
847,2020-09-09,-0.025336936059151046,-13.578815526693793,2.676133809527435
848,2020-09-10,-0.016117197616604507,-19.92041457244688,2.885493969276251
849,2020-09-11,-0.008253213636167454,-37.923498481397836,3.012238309340829
850,2020-09-14,0.011431679096029816,28.737496450866754,2.87728399627112
851,2020-09-15,0.004718936492620871,67.69523439231584,2.949704676090741
852,2020-09-16,0.027628159397501472,11.544750018386202,2.995417770975828
853,2020-09-17,-0.0031556052093845606,-91.52571763815403,3.211087998287654
854,2020-09-18,0.009682277100657432,35.704486044109956,2.7248067465348305
855,2020-09-21,-0.010911597498229992,-29.74330536667834,2.773452713021951
856,2020-09-22,0.012213528455715515,27.006437256869116,2.74939807366195
857,2020-09-23,0.011205507069197825,32.00621076004847,2.545060798611149
858,2020-09-24,-0.025051435614362537,-12.186738770983359,2.9516665879621966
859,2020-09-25,-0.01363822598739865,-24.505111886671827,2.794028155914073
860,2020-09-28,0.014882297593482415,28.270350744828697,2.2276034495058017
861,2020-09-29,0.003733174137176368,119.87304358743161,2.065186623895932
862,2020-09-30,0.008696708247676658,53.81311334457639,1.9750637574896677
863,2020-10-01,-0.0006202877482804022,-769.8907060832037,1.9356827202634146
864,2020-10-02,0.04948552993911897,9.69929975789043,1.9444346845607883
865,2020-10-05,0.07496071738987362,6.828879589341437,1.9025728750908661
866,2020-10-06,0.09936697159989856,5.249086868189285,1.8646229916775068
867,2020-10-07,0.07628027654981473,6.897085593987686,1.857871493084058
868,2020-10-08,0.09692344347129787,5.542083570538813,1.8796402232117089
869,2020-10-09,0.09024624775828723,6.053573951501664,1.8707790238224025
870,2020-10-12,0.07683150225156396,6.860276564340315,1.928759104895261
871,2020-10-13,0.09333916695619264,5.988113452577188,1.828733080139998
872,2020-10-14,0.08019478874150762,6.699402211132239,1.887348008251053
873,2020-10-15,0.11250499880676969,4.958488365437981,1.8690474833445048
874,2020-10-16,0.11468157088867326,4.705234227996603,1.9581951318482986
875,2020-10-19,0.13147427786400942,3.8701215926379513,2.0327006966750414
876,2020-10-20,0.11713606612999891,4.222929076074087,2.0809470297115626
877,2020-10-21,0.10858547592173261,4.530612504595544,2.05974022145619
878,2020-10-22,0.13540015749053083,3.5145505177959917,2.1702400740839547
879,2020-10-23,0.11825701115680623,4.281565522438414,2.0617577012854005
880,2020-10-26,0.06868027886138922,6.8658796185575515,2.1388578596689114
881,2020-10-27,0.06616978314002545,6.420818177076849,2.356232997338552
882,2020-10-28,0.03977251758101022,9.840356246971766,2.5320416812817443
883,2020-10-29,0.039192326068767484,9.989025728304567,2.515946912188035
884,2020-10-30,0.031215193431828204,12.828424995320365,2.455132613143412
885,2020-11-02,-0.0035563981742162193,-94.64933985327299,2.882755039171532
886,2020-11-03,-0.011231965276028103,-25.14815949738017,3.3844959707552795
887,2020-11-04,0.03136226609160381,11.29867201524006,2.8167325732654107
888,2020-11-05,0.03543630347227063,10.515136912486664,2.7399074232850156
889,2020-11-06,0.035067193312198326,10.601138164030065,2.7423048646892787
890,2020-11-09,0.023525050611324008,16.17675036970903,2.6766943073192793
891,2020-11-10,0.0106012926351142,35.66778785804513,2.675059371814149
892,2020-11-11,0.016731089347602347,23.14900749437468,2.6269572931399696
893,2020-11-12,-0.00932575844973424,-38.478643286353595,2.8045039800365625
894,2020-11-13,-0.009446701916427165,-39.76395411164744,2.692875342229625
895,2020-11-16,0.0040459217336642405,95.77372462418208,2.6226999593067757
896,2020-11-17,0.012305935924088206,30.263035948212885,2.723478649911806
897,2020-11-18,0.021442861889641528,16.41200017740742,2.8549388479007574
898,2020-11-19,0.014095781143869647,24.70646215141373,2.892075102874512
899,2020-11-20,0.0028956543054182715,130.14087546511595,2.7036543829010733
900,2020-11-23,0.030862416863780336,12.109104415001909,2.693746312244229
901,2020-11-24,0.039041498853065404,9.031168114825183,2.841902775422473
902,2020-11-25,0.06845379308482566,5.040033287208534,2.9676053132737366
903,2020-11-27,0.06964092709067171,5.1014434605037735,2.914053557117875
904,2020-11-30,0.06298573711836855,5.572004575704488,2.972075617994175
905,2020-12-01,0.0857633675682887,4.497912153110424,2.722469218147405
906,2020-12-02,0.09747067686019872,3.91675653142571,2.76513786918649
907,2020-12-03,0.06856258128716898,5.76979481410083,2.688173374644124
908,2020-12-04,0.05399629664106033,7.246923834718036,2.7111025109496065
909,2020-12-07,0.06119049026525345,6.71337717396129,2.635455933510977
910,2020-12-08,0.0862399870990122,4.945164059204525,2.576766916180012
911,2020-12-09,0.0818186262220178,4.953411781800528,2.6758815690235433
912,2020-12-10,0.0830049230486201,4.922932582571624,2.6390704495487953
913,2020-12-11,0.10510907184192504,3.9539353801728514,2.590865339224531
914,2020-12-14,0.09150222489996394,4.295086053612271,2.745518453910059
915,2020-12-15,0.09942091792715269,4.149081824181384,2.6657960213212806
916,2020-12-16,0.09418512829620444,4.378869129163101,2.6747453383013444
917,2020-12-17,0.10147542573742367,4.056578430853201,2.6616073068079396
918,2020-12-18,0.10122237169439316,3.9703554510222627,2.7514215610946873
919,2020-12-21,0.10455807107391356,3.887204459299114,2.7131438328793367
920,2020-12-22,0.10336523176229957,3.754909526454438,2.819258319317681
921,2020-12-23,0.10354826941226042,3.7417073176257496,2.7925951877716426
922,2020-12-24,0.0936496686146378,4.109689857787139,2.754283983541862
923,2020-12-28,0.07966913497754821,4.6826936169403535,2.7723629788535855
924,2020-12-29,0.06615333819309624,4.998327263659212,3.047595587834978
925,2020-12-30,0.047067091508281464,7.032688370106553,3.048674840549792
