,Date,STMR,momentum,ltmr
0,2015-08-04,0.0,inf,0.49883818743839964
1,2015-08-05,0.0,inf,0.49883818743839964
2,2015-08-06,0.0,inf,0.49883818743839964
3,2015-08-07,0.0,inf,0.49883818743839964
4,2015-08-10,0.0,inf,0.49883818743839964
5,2015-08-11,0.0,inf,0.49883818743839964
6,2015-08-12,0.0,inf,0.49883818743839964
7,2015-08-13,0.0,inf,0.49883818743839964
8,2015-08-14,0.0,inf,0.49883818743839964
9,2015-08-17,0.0,inf,0.49883818743839964
10,2015-08-18,0.0,inf,0.49883818743839964
11,2015-08-19,0.0,inf,0.49883818743839964
12,2015-08-20,0.0,inf,0.49883818743839964
13,2015-08-21,0.0,inf,0.49883818743839964
14,2015-08-24,0.0,inf,0.49883818743839964
15,2015-08-25,0.0,inf,0.49883818743839964
16,2015-08-26,0.0,inf,0.49883818743839964
17,2015-08-27,0.0,inf,0.49883818743839964
18,2015-08-28,0.0,inf,0.49883818743839964
19,2015-08-31,0.0,inf,0.49883818743839964
20,2015-09-01,0.0,inf,0.49883818743839964
21,2015-09-02,0.0,inf,0.49883818743839964
22,2015-09-03,0.0,inf,0.49883818743839964
23,2015-09-04,0.0,inf,0.49883818743839964
24,2015-09-08,0.0,inf,0.49883818743839964
25,2015-09-09,0.0,inf,0.49883818743839964
26,2015-09-10,0.0,inf,0.49883818743839964
27,2015-09-11,0.0,inf,0.49883818743839964
28,2015-09-14,0.0,inf,0.49883818743839964
29,2015-09-15,0.0,inf,0.49883818743839964
30,2015-09-16,0.0,inf,0.49883818743839964
31,2015-09-17,0.0,inf,0.49883818743839964
32,2015-09-18,0.0,inf,0.49883818743839964
33,2015-09-21,0.0,inf,0.49883818743839964
34,2015-09-22,0.0,inf,0.49883818743839964
35,2015-09-23,0.0,inf,0.49883818743839964
36,2015-09-24,0.0,inf,0.49883818743839964
37,2015-09-25,0.0,inf,0.49883818743839964
38,2015-09-28,0.017246437011828715,2.0477008451160557,0.9947823491872367
39,2015-09-29,0.017246437011828715,2.0477008451160557,0.9947823491872367
40,2015-09-30,0.017246437011828715,2.0477008451160557,0.9947823491872367
41,2015-10-01,0.017246437011828715,2.0477008451160557,0.9947823491872367
42,2015-10-02,0.017246437011828715,2.0477008451160557,0.9947823491872367
43,2015-10-05,0.017246437011828715,2.0477008451160557,0.9947823491872367
44,2015-10-06,0.017246437011828715,2.0477008451160557,0.9947823491872367
45,2015-10-07,0.017246437011828715,2.0477008451160557,0.9947823491872367
46,2015-10-08,0.017246437011828715,2.0477008451160557,0.9947823491872367
47,2015-10-09,0.017246437011828715,2.0477008451160557,0.9947823491872367
48,2015-10-12,0.017246437011828715,2.0477008451160557,0.9947823491872367
49,2015-10-13,0.017246437011828715,2.0477008451160557,0.9947823491872367
50,2015-10-14,0.017246437011828715,2.0477008451160557,0.9947823491872367
51,2015-10-15,0.017246437011828715,2.0477008451160557,0.9947823491872367
52,2015-10-16,0.017246437011828715,2.0477008451160557,0.9947823491872367
53,2015-10-19,0.017246437011828715,2.0477008451160557,0.9947823491872367
54,2015-10-20,0.017246437011828715,2.0477008451160557,0.9947823491872367
55,2015-10-21,0.017246437011828715,2.0477008451160557,0.9947823491872367
56,2015-10-22,0.017246437011828715,2.0477008451160557,0.9947823491872367
57,2015-10-23,0.017246437011828715,2.0477008451160557,0.9947823491872367
58,2015-10-26,0.0,inf,0.9947823491872367
59,2015-10-27,0.0,inf,0.9947823491872367
60,2015-10-28,0.0,inf,0.9947823491872367
61,2015-10-29,0.0,inf,0.9947823491872367
62,2015-10-30,0.0,inf,0.9947823491872367
63,2015-11-02,0.0,inf,0.9947823491872367
64,2015-11-03,0.0,inf,0.9947823491872367
65,2015-11-04,0.0,inf,0.9947823491872367
66,2015-11-05,0.0,inf,0.9947823491872367
67,2015-11-06,0.0,inf,0.9947823491872367
68,2015-11-09,0.0,inf,0.9947823491872367
69,2015-11-10,0.0,inf,0.9947823491872367
70,2015-11-11,0.0,inf,0.9947823491872367
71,2015-11-12,0.0,inf,0.9947823491872367
72,2015-11-13,0.0,inf,0.9947823491872367
73,2015-11-16,0.0,inf,0.9947823491872367
74,2015-11-17,0.0,inf,1.8397648147252637
75,2015-11-18,0.0,inf,1.8397648147252637
76,2015-11-19,0.0,inf,1.8397648147252637
77,2015-11-20,0.0,inf,1.8397648147252637
78,2015-11-23,0.0,inf,1.606172624913198
79,2015-11-24,0.0,inf,1.606172624913198
80,2015-11-25,0.0,inf,1.606172624913198
81,2015-11-27,0.0,inf,1.606172624913198
82,2015-11-30,0.0,inf,1.606172624913198
83,2015-12-01,0.0,inf,1.606172624913198
84,2015-12-02,0.0,inf,1.606172624913198
85,2015-12-03,0.0,inf,1.606172624913198
86,2015-12-04,0.0,inf,1.606172624913198
87,2015-12-07,0.0,inf,1.606172624913198
88,2015-12-08,0.0,inf,1.606172624913198
89,2015-12-09,0.0,inf,1.606172624913198
90,2015-12-10,0.0,inf,1.606172624913198
91,2015-12-11,0.0,inf,1.606172624913198
92,2015-12-14,0.0,inf,1.606172624913198
93,2015-12-15,0.0,inf,1.606172624913198
94,2015-12-16,0.0,inf,1.606172624913198
95,2015-12-17,0.0,inf,1.606172624913198
96,2015-12-18,0.0,inf,1.606172624913198
97,2015-12-21,0.0,inf,1.606172624913198
98,2015-12-22,0.0,inf,1.606172624913198
99,2015-12-23,0.0,inf,1.606172624913198
100,2015-12-24,0.0,inf,1.606172624913198
101,2015-12-28,0.0,inf,1.606172624913198
102,2015-12-29,0.0,inf,1.606172624913198
103,2015-12-30,0.0,inf,1.606172624913198
104,2015-12-31,0.0,inf,1.606172624913198
105,2016-01-04,0.0,inf,1.606172624913198
106,2016-01-05,0.0,inf,1.606172624913198
107,2016-01-06,0.0,inf,1.606172624913198
108,2016-01-07,0.0,inf,1.606172624913198
109,2016-01-08,0.0,inf,1.606172624913198
110,2016-01-11,0.0,inf,1.606172624913198
111,2016-01-12,0.0,inf,1.606172624913198
112,2016-01-13,0.0,inf,1.606172624913198
113,2016-01-14,0.0,inf,1.606172624913198
114,2016-01-15,0.0,inf,1.606172624913198
115,2016-01-19,0.0,inf,1.606172624913198
116,2016-01-20,0.0,inf,1.606172624913198
117,2016-01-21,0.0,inf,1.606172624913198
118,2016-01-22,0.0,inf,1.606172624913198
119,2016-01-25,0.0,inf,1.606172624913198
120,2016-01-26,0.0,inf,1.606172624913198
121,2016-01-27,0.0,inf,1.606172624913198
122,2016-01-28,0.0,inf,1.606172624913198
123,2016-01-29,0.0,inf,1.606172624913198
124,2016-02-01,0.0,inf,1.606172624913198
125,2016-02-02,0.0,inf,1.606172624913198
126,2016-02-03,0.0,inf,1.606172624913198
127,2016-02-04,0.0,inf,1.606172624913198
128,2016-02-05,0.0,inf,1.606172624913198
129,2016-02-08,0.0,inf,1.606172624913198
130,2016-02-09,0.0,inf,1.606172624913198
131,2016-02-10,0.0,inf,1.606172624913198
132,2016-02-11,0.0,inf,1.606172624913198
133,2016-02-12,0.0,inf,1.606172624913198
134,2016-02-16,0.0,inf,1.606172624913198
135,2016-02-17,0.0,inf,1.606172624913198
136,2016-02-18,0.0,inf,1.606172624913198
137,2016-02-19,0.0,inf,1.606172624913198
138,2016-02-22,0.0,inf,1.606172624913198
139,2016-02-23,0.0,inf,1.606172624913198
140,2016-02-24,0.0,inf,1.606172624913198
141,2016-02-25,0.0,inf,1.606172624913198
142,2016-02-26,0.0,inf,1.606172624913198
143,2016-02-29,0.0,inf,1.606172624913198
144,2016-03-01,0.0,inf,1.606172624913198
145,2016-03-02,0.0,inf,1.606172624913198
146,2016-03-03,0.0,inf,1.606172624913198
147,2016-03-04,0.0,inf,1.606172624913198
148,2016-03-07,0.0,inf,1.606172624913198
149,2016-03-08,0.0,inf,1.606172624913198
150,2016-03-09,0.0,inf,1.606172624913198
151,2016-03-10,0.0,inf,1.606172624913198
152,2016-03-11,0.0,inf,1.606172624913198
153,2016-03-14,0.0,inf,1.606172624913198
154,2016-03-15,0.0,inf,1.606172624913198
155,2016-03-16,0.0,inf,1.606172624913198
156,2016-03-17,0.0,inf,1.606172624913198
157,2016-03-18,0.0,inf,1.606172624913198
158,2016-03-21,0.0,inf,1.606172624913198
159,2016-03-22,0.0,inf,1.606172624913198
160,2016-03-23,0.0,inf,1.606172624913198
161,2016-03-24,0.0,inf,1.606172624913198
162,2016-03-28,0.0,inf,1.606172624913198
163,2016-03-29,0.018438306044492505,1.9353590818056845,2.1062549157596
164,2016-03-30,0.018438306044492505,1.9353590818056845,2.1062549157596
165,2016-03-31,0.018438306044492505,1.9353590818056845,2.1062549157596
166,2016-04-01,0.018438306044492505,1.9353590818056845,2.1062549157596
167,2016-04-04,0.018438306044492505,1.9353590818056845,2.1062549157596
168,2016-04-05,0.018438306044492505,1.9353590818056845,2.1062549157596
169,2016-04-06,0.018438306044492505,1.9353590818056845,2.1062549157596
170,2016-04-07,0.018438306044492505,1.9353590818056845,5.565278952107387
171,2016-04-08,0.018438306044492505,1.9353590818056845,5.565278952107387
172,2016-04-11,0.018438306044492505,1.9353590818056845,5.565278952107387
173,2016-04-12,0.018438306044492505,1.9353590818056845,5.565278952107387
174,2016-04-13,0.018438306044492505,1.9353590818056845,5.565278952107387
175,2016-04-14,0.018438306044492505,1.9353590818056845,5.565278952107387
176,2016-04-15,0.018438306044492505,1.9353590818056845,5.565278952107387
177,2016-04-18,0.018438306044492505,1.9353590818056845,5.565278952107387
178,2016-04-19,0.018438306044492505,1.9353590818056845,5.565278952107387
179,2016-04-20,0.018438306044492505,1.9353590818056845,5.565278952107387
180,2016-04-21,0.018438306044492505,1.9353590818056845,5.565278952107387
181,2016-04-22,0.018438306044492505,1.9353590818056845,5.565278952107387
182,2016-04-25,0.018438306044492505,1.9353590818056845,5.565278952107387
183,2016-04-26,0.0,inf,5.565278952107387
184,2016-04-27,0.0,inf,5.565278952107387
185,2016-04-28,0.0,inf,5.565278952107387
186,2016-04-29,0.0,inf,5.565278952107387
187,2016-05-02,0.0,inf,5.565278952107387
188,2016-05-03,0.0,inf,5.565278952107387
189,2016-05-04,0.0,inf,5.565278952107387
190,2016-05-05,0.0,inf,5.565278952107387
191,2016-05-06,0.0,inf,0.06728892731477003
192,2016-05-09,0.0,inf,0.06728892731477003
193,2016-05-10,0.0,inf,0.06728892731477003
194,2016-05-11,0.0,inf,0.06728892731477003
195,2016-05-12,0.0,inf,0.06728892731477003
196,2016-05-13,0.0,inf,0.06728892731477003
197,2016-05-16,0.0,inf,0.06728892731477003
198,2016-05-17,0.0,inf,0.06728892731477003
199,2016-05-18,0.0,inf,0.06728892731477003
200,2016-05-19,0.0,inf,0.06728892731477003
201,2016-05-20,0.0,inf,0.06728892731477003
202,2016-05-23,0.0,inf,0.06728892731477003
203,2016-05-24,0.0,inf,0.06728892731477003
204,2016-05-25,0.0,inf,0.06728892731477003
205,2016-05-26,0.0,inf,0.06728892731477003
206,2016-05-27,0.0,inf,0.06728892731477003
207,2016-05-31,0.0,inf,0.06728892731477003
208,2016-06-01,0.0,inf,0.06728892731477003
209,2016-06-02,0.0,inf,0.06728892731477003
210,2016-06-03,0.0,inf,0.06728892731477003
211,2016-06-06,0.0,inf,0.06728892731477003
212,2016-06-07,0.0,inf,0.06728892731477003
213,2016-06-08,0.0,inf,0.06728892731477003
214,2016-06-09,0.0,inf,0.06728892731477003
215,2016-06-10,0.0,inf,0.06728892731477003
216,2016-06-13,0.0,inf,0.06728892731477003
217,2016-06-14,0.0,inf,0.06728892731477003
218,2016-06-15,0.0,inf,0.06728892731477003
219,2016-06-16,0.0,inf,0.06728892731477003
220,2016-06-17,0.0,inf,0.06728892731477003
221,2016-06-20,0.0,inf,0.06728892731477003
222,2016-06-21,0.0,inf,0.06728892731477003
223,2016-06-22,0.0,inf,0.06728892731477003
224,2016-06-23,0.0,inf,0.06728892731477003
225,2016-06-24,0.0,inf,0.06728892731477003
226,2016-06-27,0.0,inf,0.06728892731477003
227,2016-06-28,0.0,inf,0.06728892731477003
228,2016-06-29,0.0,inf,0.06728892731477003
229,2016-06-30,0.0,inf,0.06728892731477003
230,2016-07-01,0.0,inf,0.06728892731477003
231,2016-07-05,0.0,inf,0.06728892731477003
232,2016-07-06,0.0,inf,0.06728892731477003
233,2016-07-07,0.0,inf,0.06728892731477003
234,2016-07-08,0.0,inf,0.06728892731477003
235,2016-07-11,0.0,inf,0.06728892731477003
236,2016-07-12,0.0,inf,0.06728892731477003
237,2016-07-13,0.0,inf,0.06728892731477003
238,2016-07-14,0.0,inf,0.06728892731477003
239,2016-07-15,0.0,inf,0.06728892731477003
240,2016-07-18,0.0,inf,0.06728892731477003
241,2016-07-19,0.0,inf,0.06728892731477003
242,2016-07-20,0.0,inf,0.06728892731477003
243,2016-07-21,0.0,inf,0.06728892731477003
244,2016-07-22,0.0,inf,0.06728892731477003
245,2016-07-25,0.0,inf,0.06728892731477003
246,2016-07-26,0.0,inf,0.06728892731477003
247,2016-07-27,0.0,inf,0.06728892731477003
248,2016-07-28,0.0,inf,0.06728892731477003
249,2016-07-29,0.0,inf,0.06728892731477003
250,2016-08-01,0.0,inf,0.06728892731477003
251,2016-08-02,0.0,inf,0.06728892731477003
252,2016-08-03,0.0,inf,0.06728892731477003
253,2016-08-04,0.0,inf,0.06728892731477003
254,2016-08-05,0.0,inf,0.06728892731477003
255,2016-08-08,0.0,inf,0.06728892731477003
256,2016-08-09,0.0,inf,0.06728892731477003
257,2016-08-10,0.0,inf,0.06728892731477003
258,2016-08-11,0.0,inf,0.06728892731477003
259,2016-08-12,0.0,inf,0.06728892731477003
260,2016-08-15,0.0,inf,0.06728892731477003
261,2016-08-16,0.0,inf,0.06728892731477003
262,2016-08-17,0.0,inf,0.06728892731477003
263,2016-08-18,0.0,inf,0.06728892731477003
264,2016-08-19,0.0,inf,0.06728892731477003
265,2016-08-22,0.0,inf,0.06728892731477003
266,2016-08-23,0.0,inf,0.06728892731477003
267,2016-08-24,0.0,inf,0.06728892731477003
268,2016-08-25,0.0,inf,0.06728892731477003
269,2016-08-26,0.0,inf,0.06728892731477003
270,2016-08-29,0.0,inf,0.06728892731477003
271,2016-08-30,0.0,inf,0.06728892731477003
272,2016-08-31,0.0,inf,0.06728892731477003
273,2016-09-01,0.0,inf,0.06728892731477003
274,2016-09-02,0.0,inf,0.06728892731477003
275,2016-09-06,0.0,inf,0.06728892731477003
276,2016-09-07,0.0,inf,2.6276522154189537
277,2016-09-08,0.0,inf,2.6276522154189537
278,2016-09-09,0.0,inf,2.6276522154189537
279,2016-09-12,0.0,inf,2.6276522154189537
280,2016-09-13,0.0,inf,2.6276522154189537
281,2016-09-14,0.0,inf,2.6276522154189537
282,2016-09-15,0.0,inf,2.6276522154189537
283,2016-09-16,0.0,inf,2.6276522154189537
284,2016-09-19,0.0,inf,2.6276522154189537
285,2016-09-20,0.0,inf,2.6276522154189537
286,2016-09-21,0.0,inf,2.6276522154189537
287,2016-09-22,0.0,inf,2.6276522154189537
288,2016-09-23,0.0,inf,2.6276522154189537
289,2016-09-26,0.0,inf,2.6276522154189537
290,2016-09-27,0.0,inf,5.085450578937899
291,2016-09-28,0.0,inf,5.085450578937899
292,2016-09-29,0.0,inf,5.085450578937899
293,2016-09-30,0.0,inf,5.085450578937899
294,2016-10-03,0.0,inf,5.085450578937899
295,2016-10-04,0.0,inf,5.085450578937899
296,2016-10-05,0.0,inf,5.085450578937899
297,2016-10-06,0.0,inf,5.085450578937899
298,2016-10-07,0.0,inf,5.085450578937899
299,2016-10-10,0.0,inf,5.085450578937899
300,2016-10-11,0.0,inf,5.085450578937899
301,2016-10-12,0.0,inf,5.085450578937899
302,2016-10-13,0.0,inf,5.085450578937899
303,2016-10-14,0.0,inf,5.085450578937899
304,2016-10-17,0.0,inf,5.085450578937899
305,2016-10-18,0.0,inf,5.085450578937899
306,2016-10-19,0.0,inf,5.085450578937899
307,2016-10-20,0.0,inf,5.085450578937899
308,2016-10-21,0.0,inf,5.085450578937899
309,2016-10-24,0.0,inf,5.085450578937899
310,2016-10-25,0.0,inf,5.085450578937899
311,2016-10-26,0.0,inf,5.085450578937899
312,2016-10-27,0.0,inf,5.085450578937899
313,2016-10-28,0.0,inf,5.085450578937899
314,2016-10-31,0.0,inf,5.085450578937899
315,2016-11-01,0.0,inf,5.085450578937899
316,2016-11-02,0.0,inf,5.085450578937899
317,2016-11-03,0.0,inf,5.085450578937899
318,2016-11-04,0.0,inf,5.085450578937899
319,2016-11-07,0.0,inf,5.085450578937899
320,2016-11-08,0.0,inf,5.085450578937899
321,2016-11-09,0.0,inf,5.085450578937899
322,2016-11-10,0.0,inf,5.085450578937899
323,2016-11-11,0.0,inf,5.085450578937899
324,2016-11-14,0.0,inf,5.085450578937899
325,2016-11-15,0.0,inf,5.085450578937899
326,2016-11-16,0.0,inf,5.085450578937899
327,2016-11-17,0.0,inf,5.085450578937899
328,2016-11-18,0.0,inf,5.085450578937899
329,2016-11-21,0.0,inf,5.085450578937899
330,2016-11-22,0.0,inf,5.085450578937899
331,2016-11-23,0.0,inf,5.085450578937899
332,2016-11-25,0.0,inf,5.085450578937899
333,2016-11-28,0.0,inf,5.085450578937899
334,2016-11-29,0.0,inf,5.085450578937899
335,2016-11-30,0.0,inf,5.085450578937899
336,2016-12-01,0.0,inf,5.085450578937899
337,2016-12-02,0.0,inf,5.085450578937899
338,2016-12-05,0.0,inf,5.085450578937899
339,2016-12-06,0.0,inf,5.085450578937899
340,2016-12-07,0.0,inf,5.085450578937899
341,2016-12-08,0.0,inf,5.085450578937899
342,2016-12-09,0.0,inf,5.085450578937899
343,2016-12-12,0.0,inf,5.085450578937899
344,2016-12-13,0.0,inf,5.085450578937899
345,2016-12-14,0.0,inf,5.085450578937899
346,2016-12-15,0.0,inf,5.085450578937899
347,2016-12-16,0.0,inf,5.085450578937899
348,2016-12-19,0.0,inf,5.085450578937899
349,2016-12-20,0.0,inf,5.085450578937899
350,2016-12-21,0.0,inf,5.085450578937899
351,2016-12-22,0.0,inf,5.085450578937899
352,2016-12-23,0.0,inf,5.085450578937899
353,2016-12-27,0.0,inf,5.085450578937899
354,2016-12-28,0.0,inf,5.085450578937899
355,2016-12-29,0.0,inf,5.085450578937899
356,2016-12-30,0.0,inf,5.085450578937899
357,2017-01-03,0.0,inf,5.085450578937899
358,2017-01-04,0.0,inf,5.085450578937899
359,2017-01-05,0.0,inf,5.085450578937899
360,2017-01-06,0.0,inf,5.085450578937899
361,2017-01-09,0.0,inf,5.085450578937899
362,2017-01-10,0.0,inf,5.085450578937899
363,2017-01-11,0.0,inf,5.085450578937899
364,2017-01-12,0.0,inf,5.085450578937899
365,2017-01-13,0.0,inf,5.260749615861818
366,2017-01-17,0.0,inf,5.260749615861818
367,2017-01-18,0.0,inf,5.260749615861818
368,2017-01-19,0.0,inf,5.260749615861818
369,2017-01-20,0.0,inf,5.260749615861818
370,2017-01-23,0.0,inf,5.260749615861818
371,2017-01-24,0.0,inf,5.260749615861818
372,2017-01-25,0.0,inf,5.260749615861818
373,2017-01-26,0.0,inf,5.260749615861818
374,2017-01-27,0.0,inf,5.260749615861818
375,2017-01-30,0.0,inf,5.260749615861818
376,2017-01-31,0.0,inf,5.260749615861818
377,2017-02-01,0.0,inf,5.260749615861818
378,2017-02-02,0.362452953517857,1.0508708947341605,1.2062557315872307
379,2017-02-03,0.362452953517857,1.0508708947341605,1.2062557315872307
380,2017-02-06,0.362452953517857,1.0508708947341605,1.2062557315872307
381,2017-02-07,0.362452953517857,1.0508708947341605,1.2062557315872307
382,2017-02-08,0.362452953517857,1.0508708947341605,1.2062557315872307
383,2017-02-09,0.362452953517857,1.0508708947341605,1.2062557315872307
384,2017-02-10,0.362452953517857,1.0508708947341605,1.2062557315872307
385,2017-02-13,0.362452953517857,1.0508708947341605,1.2062557315872307
386,2017-02-14,0.362452953517857,1.0508708947341605,1.2062557315872307
387,2017-02-15,0.362452953517857,1.0508708947341605,1.2062557315872307
388,2017-02-16,0.362452953517857,1.0508708947341605,1.2062557315872307
389,2017-02-17,0.362452953517857,1.0508708947341605,1.2062557315872307
390,2017-02-21,0.362452953517857,1.0508708947341605,1.2062557315872307
391,2017-02-22,0.362452953517857,1.0508708947341605,1.2062557315872307
392,2017-02-23,0.362452953517857,1.0508708947341605,1.2062557315872307
393,2017-02-24,0.362452953517857,1.0508708947341605,1.2062557315872307
394,2017-02-27,0.362452953517857,1.0508708947341605,1.2062557315872307
395,2017-02-28,0.362452953517857,1.0508708947341605,1.2062557315872307
396,2017-03-01,0.362452953517857,1.0508708947341605,1.2062557315872307
397,2017-03-02,0.362452953517857,1.0508708947341605,1.2062557315872307
398,2017-03-03,0.0,inf,1.2062557315872307
399,2017-03-06,0.0,inf,1.2062557315872307
400,2017-03-07,0.0,inf,1.2062557315872307
401,2017-03-08,0.0,inf,1.2062557315872307
402,2017-03-09,0.0,inf,1.2062557315872307
403,2017-03-10,0.0,inf,1.2062557315872307
404,2017-03-13,0.0,inf,1.2062557315872307
405,2017-03-14,0.0,inf,1.2062557315872307
406,2017-03-15,0.0,inf,1.2062557315872307
407,2017-03-16,0.0,inf,1.2062557315872307
408,2017-03-17,0.0,inf,1.2062557315872307
409,2017-03-20,0.0,inf,1.2062557315872307
410,2017-03-21,0.0,inf,1.2062557315872307
411,2017-03-22,0.0,inf,1.2062557315872307
412,2017-03-23,0.0,inf,1.1598934462198551
413,2017-03-24,0.0,inf,1.1598934462198551
414,2017-03-27,0.0,inf,1.1598934462198551
415,2017-03-28,0.0,inf,1.218898263625348
416,2017-03-29,0.018863336615468705,20.214678765825067,1.2080695848142151
417,2017-03-30,0.018863336615468705,20.214678765825067,1.2080695848142151
418,2017-03-31,0.018863336615468705,20.214678765825067,1.2080695848142151
419,2017-04-03,0.018863336615468705,20.214678765825067,1.187607345239796
420,2017-04-04,0.018863336615468705,20.214678765825067,1.187607345239796
421,2017-04-05,0.018863336615468705,20.214678765825067,1.187607345239796
422,2017-04-06,0.018863336615468705,20.214678765825067,1.187607345239796
423,2017-04-07,0.018863336615468705,20.214678765825067,1.187607345239796
424,2017-04-10,0.018863336615468705,20.214678765825067,1.187607345239796
425,2017-04-11,0.018863336615468705,20.214678765825067,1.187607345239796
426,2017-04-12,0.018863336615468705,20.214678765825067,1.187607345239796
427,2017-04-13,0.018863336615468705,20.214678765825067,1.187607345239796
428,2017-04-17,0.018863336615468705,20.214678765825067,1.187607345239796
429,2017-04-18,0.018863336615468705,20.214678765825067,1.187607345239796
430,2017-04-19,0.018863336615468705,20.214678765825067,1.187607345239796
431,2017-04-20,0.018863336615468705,20.214678765825067,1.187607345239796
432,2017-04-21,0.018863336615468705,20.214678765825067,1.187607345239796
433,2017-04-24,0.018863336615468705,20.214678765825067,1.187607345239796
434,2017-04-25,0.018863336615468705,20.214678765825067,1.187607345239796
435,2017-04-26,0.018863336615468705,20.214678765825067,1.187607345239796
436,2017-04-27,0.0,inf,1.187607345239796
437,2017-04-28,0.0,inf,1.187607345239796
438,2017-05-01,0.0,inf,1.187607345239796
439,2017-05-02,0.0,inf,1.187607345239796
440,2017-05-03,0.0,inf,1.187607345239796
441,2017-05-04,0.0,inf,1.187607345239796
442,2017-05-05,0.0,inf,1.187607345239796
443,2017-05-08,0.0,inf,1.187607345239796
444,2017-05-09,0.0,inf,1.187607345239796
445,2017-05-10,0.0,inf,1.187607345239796
446,2017-05-11,0.0,inf,1.187607345239796
447,2017-05-12,0.0,inf,1.187607345239796
448,2017-05-15,0.0,inf,1.187607345239796
449,2017-05-16,0.0,inf,1.187607345239796
450,2017-05-17,0.0,inf,1.187607345239796
451,2017-05-18,0.0,inf,1.187607345239796
452,2017-05-19,0.0,inf,1.187607345239796
453,2017-05-22,0.0,inf,1.187607345239796
454,2017-05-23,0.0,inf,1.187607345239796
455,2017-05-24,0.0,inf,1.187607345239796
456,2017-05-25,0.0,inf,1.187607345239796
457,2017-05-26,0.0,inf,1.187607345239796
458,2017-05-30,0.0,inf,1.187607345239796
459,2017-05-31,0.0,inf,1.187607345239796
460,2017-06-01,0.0,inf,1.187607345239796
461,2017-06-02,0.0,inf,1.187607345239796
462,2017-06-05,0.0,inf,1.187607345239796
463,2017-06-06,0.0,inf,1.187607345239796
464,2017-06-07,0.0,inf,1.187607345239796
465,2017-06-08,0.0,inf,1.187607345239796
466,2017-06-09,0.0,inf,1.187607345239796
467,2017-06-12,0.0,inf,1.187607345239796
468,2017-06-13,0.0,inf,1.187607345239796
469,2017-06-14,0.0,inf,1.187607345239796
470,2017-06-15,0.0,inf,1.187607345239796
471,2017-06-16,0.0,inf,1.187607345239796
472,2017-06-19,0.0,inf,1.187607345239796
473,2017-06-20,0.0,inf,1.187607345239796
474,2017-06-21,0.0,inf,1.187607345239796
475,2017-06-22,0.0,inf,1.187607345239796
476,2017-06-23,0.0,inf,1.187607345239796
477,2017-06-26,0.0,inf,1.187607345239796
478,2017-06-27,0.0,inf,1.187607345239796
479,2017-06-28,0.0,inf,1.187607345239796
480,2017-06-29,0.0,inf,1.187607345239796
481,2017-06-30,0.0,inf,1.187607345239796
482,2017-07-03,0.0,inf,1.187607345239796
483,2017-07-05,0.0,inf,1.187607345239796
484,2017-07-06,0.0,inf,1.187607345239796
485,2017-07-07,0.0,inf,1.187607345239796
486,2017-07-10,0.0,inf,1.187607345239796
487,2017-07-11,0.0,inf,1.187607345239796
488,2017-07-12,0.0,inf,1.187607345239796
489,2017-07-13,0.0,inf,1.187607345239796
490,2017-07-14,0.0,inf,1.187607345239796
491,2017-07-17,0.0,inf,1.187607345239796
492,2017-07-18,0.0,inf,1.187607345239796
493,2017-07-19,0.0,inf,1.187607345239796
494,2017-07-20,0.0,inf,1.187607345239796
495,2017-07-21,0.0,inf,1.187607345239796
496,2017-07-24,0.0,inf,1.187607345239796
497,2017-07-25,0.0,inf,1.187607345239796
498,2017-07-26,0.14940833141154855,3.552175548249592,1.1347925722389958
499,2017-07-27,0.14940833141154855,3.552175548249592,1.1347925722389958
500,2017-07-28,0.14940833141154855,3.552175548249592,1.1347925722389958
501,2017-07-31,0.14940833141154855,3.552175548249592,1.1347925722389958
502,2017-08-01,0.14940833141154855,3.552175548249592,1.1347925722389958
503,2017-08-02,0.14940833141154855,3.552175548249592,1.1347925722389958
504,2017-08-03,0.14940833141154855,3.552175548249592,1.1347925722389958
505,2017-08-04,0.14940833141154855,3.552175548249592,1.1347925722389958
506,2017-08-07,0.14940833141154855,3.552175548249592,1.1347925722389958
507,2017-08-08,0.14940833141154855,3.552175548249592,1.1347925722389958
508,2017-08-09,0.14940833141154855,3.552175548249592,1.1347925722389958
509,2017-08-10,0.14940833141154855,3.552175548249592,1.1347925722389958
510,2017-08-11,0.14940833141154855,3.552175548249592,1.1347925722389958
511,2017-08-14,0.14940833141154855,3.552175548249592,1.1347925722389958
512,2017-08-15,0.14940833141154855,3.552175548249592,1.1347925722389958
513,2017-08-16,0.14940833141154855,3.552175548249592,1.1347925722389958
514,2017-08-17,0.14940833141154855,3.552175548249592,1.1347925722389958
515,2017-08-18,0.14940833141154855,3.552175548249592,1.1347925722389958
516,2017-08-21,0.14940833141154855,3.552175548249592,1.1347925722389958
517,2017-08-22,0.14940833141154855,3.552175548249592,1.1347925722389958
518,2017-08-23,0.0,inf,1.1347925722389958
519,2017-08-24,0.0,inf,1.1347925722389958
520,2017-08-25,0.0,inf,1.1347925722389958
521,2017-08-28,0.0,inf,1.1347925722389958
522,2017-08-29,0.0,inf,1.1347925722389958
523,2017-08-30,0.0,inf,1.1347925722389958
524,2017-08-31,0.0,inf,1.1347925722389958
525,2017-09-01,0.0,inf,1.1347925722389958
526,2017-09-05,0.0,inf,1.1347925722389958
527,2017-09-06,0.0,inf,1.1347925722389958
528,2017-09-07,0.0,inf,1.1347925722389958
529,2017-09-08,0.0,inf,1.1347925722389958
530,2017-09-11,0.0,inf,1.1347925722389958
531,2017-09-12,0.0,inf,1.1347925722389958
532,2017-09-13,0.0,inf,1.1347925722389958
533,2017-09-14,0.0,inf,1.1347925722389958
534,2017-09-15,0.0,inf,1.1347925722389958
535,2017-09-18,0.0,inf,1.1347925722389958
536,2017-09-19,0.0,inf,1.1347925722389958
537,2017-09-20,0.0,inf,1.1347925722389958
538,2017-09-21,0.0,inf,1.1347925722389958
539,2017-09-22,0.0,inf,1.1012838815210497
540,2017-09-25,0.0,inf,1.1012838815210497
541,2017-09-26,0.0,inf,1.1012838815210497
542,2017-09-27,0.015561411819737544,35.10517167033147,1.0983987259527421
543,2017-09-28,0.015561411819737544,35.10517167033147,1.0983987259527421
544,2017-09-29,0.015561411819737544,35.10517167033147,1.0983987259527421
545,2017-10-02,0.015561411819737544,35.10517167033147,1.0983987259527421
546,2017-10-03,0.015561411819737544,35.10517167033147,1.0983987259527421
547,2017-10-04,0.015561411819737544,35.10517167033147,1.0983987259527421
548,2017-10-05,0.015561411819737544,35.10517167033147,1.0983987259527421
549,2017-10-06,0.015561411819737544,35.10517167033147,1.0983987259527421
550,2017-10-09,0.015561411819737544,35.10517167033147,1.0983987259527421
551,2017-10-10,0.015561411819737544,35.10517167033147,1.0983987259527421
552,2017-10-11,0.015561411819737544,35.10517167033147,1.0983987259527421
553,2017-10-12,0.015561411819737544,35.10517167033147,1.0983987259527421
554,2017-10-13,0.015561411819737544,35.10517167033147,1.0983987259527421
555,2017-10-16,0.015561411819737544,35.10517167033147,1.0983987259527421
556,2017-10-17,0.015561411819737544,35.10517167033147,1.0983987259527421
557,2017-10-18,0.015561411819737544,35.10517167033147,1.0983987259527421
558,2017-10-19,0.015561411819737544,35.10517167033147,1.0983987259527421
559,2017-10-20,0.015561411819737544,35.10517167033147,1.0983987259527421
560,2017-10-23,0.015561411819737544,35.10517167033147,1.0983987259527421
561,2017-10-24,0.015561411819737544,35.10517167033147,1.0983987259527421
562,2017-10-25,0.0,inf,1.0983987259527421
563,2017-10-26,0.0,inf,1.0983987259527421
564,2017-10-27,0.0,inf,1.0983987259527421
565,2017-10-30,0.0,inf,1.0983987259527421
566,2017-10-31,0.0,inf,1.0983987259527421
567,2017-11-01,0.0,inf,1.0983987259527421
568,2017-11-02,0.0,inf,1.0983987259527421
569,2017-11-03,0.0,inf,1.0983987259527421
570,2017-11-06,0.0,inf,1.0983987259527421
571,2017-11-07,0.0,inf,1.0983987259527421
572,2017-11-08,0.0,inf,1.0983987259527421
573,2017-11-09,0.0,inf,1.0983987259527421
574,2017-11-10,0.0,inf,1.0983987259527421
575,2017-11-13,0.0,inf,1.0983987259527421
576,2017-11-14,0.0,inf,1.0983987259527421
577,2017-11-15,0.0,inf,1.0983987259527421
578,2017-11-16,0.0,inf,1.0983987259527421
579,2017-11-17,0.0,inf,1.0983987259527421
580,2017-11-20,0.0,inf,1.0983987259527421
581,2017-11-21,0.0,inf,1.0983987259527421
582,2017-11-22,0.0,inf,1.0983987259527421
583,2017-11-24,0.0,inf,1.0983987259527421
584,2017-11-27,0.0,inf,1.0983987259527421
585,2017-11-28,0.0,inf,1.0983987259527421
586,2017-11-29,0.0,inf,1.0983987259527421
587,2017-11-30,0.0,inf,1.0983987259527421
588,2017-12-01,0.0,inf,1.0983987259527421
589,2017-12-04,0.0,inf,1.0983987259527421
590,2017-12-05,0.0,inf,1.0983987259527421
591,2017-12-06,0.0,inf,1.0983987259527421
592,2017-12-07,0.0,inf,1.0983987259527421
593,2017-12-08,0.0,inf,1.0983987259527421
594,2017-12-11,0.0,inf,1.0983987259527421
595,2017-12-12,0.0,inf,1.0983987259527421
596,2017-12-13,0.0,inf,1.0983987259527421
597,2017-12-14,0.0,inf,1.0983987259527421
598,2017-12-15,0.2342615900333284,3.3319487982937863,1.0688668417883966
599,2017-12-18,0.2342615900333284,3.3319487982937863,1.0688668417883966
600,2017-12-19,0.2342615900333284,3.3319487982937863,1.0688668417883966
601,2017-12-20,0.2342615900333284,3.3319487982937863,1.0688668417883966
602,2017-12-21,0.2342615900333284,3.3319487982937863,1.0688668417883966
603,2017-12-22,0.2342615900333284,3.3319487982937863,1.0688668417883966
604,2017-12-26,0.2342615900333284,3.3319487982937863,1.0688668417883966
605,2017-12-27,0.2342615900333284,3.3319487982937863,1.0688668417883966
606,2017-12-28,0.2342615900333284,3.3319487982937863,1.0688668417883966
607,2017-12-29,0.2342615900333284,3.3319487982937863,1.0688668417883966
608,2018-01-02,0.2342615900333284,3.3319487982937863,1.0688668417883966
609,2018-01-03,0.2342615900333284,3.3319487982937863,1.0688668417883966
610,2018-01-04,0.2342615900333284,3.3319487982937863,1.0688668417883966
611,2018-01-05,0.2342615900333284,3.3319487982937863,1.0688668417883966
612,2018-01-08,0.2342615900333284,3.3319487982937863,1.0688668417883966
613,2018-01-09,0.2342615900333284,3.3319487982937863,1.0688668417883966
614,2018-01-10,0.2342615900333284,3.3319487982937863,1.0688668417883966
615,2018-01-11,0.2342615900333284,3.3319487982937863,1.0688668417883966
616,2018-01-12,0.2342615900333284,3.3319487982937863,1.0688668417883966
617,2018-01-16,0.2342615900333284,3.3319487982937863,1.0688668417883966
618,2018-01-17,0.0,inf,1.0688668417883966
619,2018-01-18,0.0,inf,1.0688668417883966
620,2018-01-19,0.0,inf,1.0688668417883966
621,2018-01-22,0.0,inf,1.0688668417883966
622,2018-01-23,0.0,inf,1.0688668417883966
623,2018-01-24,0.0,inf,1.0688668417883966
624,2018-01-25,0.0,inf,1.0688668417883966
625,2018-01-26,0.0,inf,1.0688668417883966
626,2018-01-29,0.0,inf,1.0688668417883966
627,2018-01-30,0.0,inf,1.0688668417883966
628,2018-01-31,0.0,inf,1.0688668417883966
629,2018-02-01,0.0,inf,1.0688668417883966
630,2018-02-02,0.0,inf,1.9954845952140152
631,2018-02-05,0.0,inf,1.9954845952140152
632,2018-02-06,0.0,inf,1.9954845952140152
633,2018-02-07,0.0,inf,1.9954845952140152
634,2018-02-08,0.0,inf,1.9954845952140152
635,2018-02-09,0.0,inf,1.9954845952140152
636,2018-02-12,0.0,inf,1.9954845952140152
637,2018-02-13,0.0,inf,1.9954845952140152
638,2018-02-14,0.0,inf,1.9954845952140152
639,2018-02-15,0.0,inf,1.9954845952140152
640,2018-02-16,0.0,inf,1.9954845952140152
641,2018-02-20,0.0,inf,1.9954845952140152
642,2018-02-21,0.0,inf,1.9954845952140152
643,2018-02-22,0.0,inf,1.9954845952140152
644,2018-02-23,0.0,inf,1.9954845952140152
645,2018-02-26,0.0,inf,1.9954845952140152
646,2018-02-27,0.0,inf,1.9954845952140152
647,2018-02-28,0.0,inf,1.9954845952140152
648,2018-03-01,0.0,inf,1.9954845952140152
649,2018-03-02,0.0,inf,1.9954845952140152
650,2018-03-05,0.0,inf,1.9954845952140152
651,2018-03-06,0.0,inf,1.9954845952140152
652,2018-03-07,0.0,inf,1.9954845952140152
653,2018-03-08,0.0,inf,1.9954845952140152
654,2018-03-09,0.0,inf,1.9954845952140152
655,2018-03-12,0.0,inf,1.9954845952140152
656,2018-03-13,0.0,inf,1.9954845952140152
657,2018-03-14,0.0,inf,1.9954845952140152
658,2018-03-15,0.0,inf,1.9954845952140152
659,2018-03-16,0.0,inf,1.9954845952140152
660,2018-03-19,0.0,inf,1.9954845952140152
661,2018-03-20,0.0,inf,1.9954845952140152
662,2018-03-21,0.0,inf,1.9954845952140152
663,2018-03-22,0.0,inf,1.9954845952140152
664,2018-03-23,0.0,inf,1.9522668554668992
665,2018-03-26,0.0,inf,1.9522668554668992
666,2018-03-27,0.0,inf,1.9522668554668992
667,2018-03-28,0.013147387040499673,32.80059038287758,1.9232348519464992
668,2018-03-29,0.013147387040499673,31.36583102291035,2.0112089025377275
669,2018-04-02,0.013147387040499673,31.36583102291035,2.0112089025377275
670,2018-04-03,0.013147387040499673,31.36583102291035,2.0112089025377275
671,2018-04-04,0.013147387040499673,31.36583102291035,2.0112089025377275
672,2018-04-05,0.013147387040499673,31.36583102291035,2.0112089025377275
673,2018-04-06,0.013147387040499673,31.36583102291035,2.0112089025377275
674,2018-04-09,0.013147387040499673,31.36583102291035,2.0112089025377275
675,2018-04-10,0.013147387040499673,31.36583102291035,2.0112089025377275
676,2018-04-11,0.013147387040499673,31.36583102291035,2.0112089025377275
677,2018-04-12,0.013147387040499673,31.36583102291035,2.0112089025377275
678,2018-04-13,0.013147387040499673,31.36583102291035,2.0112089025377275
679,2018-04-16,0.013147387040499673,31.36583102291035,2.0112089025377275
680,2018-04-17,0.013147387040499673,31.36583102291035,2.0112089025377275
681,2018-04-18,0.013147387040499673,31.36583102291035,2.0112089025377275
682,2018-04-19,0.013147387040499673,31.36583102291035,2.0112089025377275
683,2018-04-20,0.013147387040499673,31.36583102291035,2.0112089025377275
684,2018-04-23,0.013147387040499673,31.36583102291035,2.0112089025377275
685,2018-04-24,0.013147387040499673,31.36583102291035,2.0112089025377275
686,2018-04-25,0.013147387040499673,31.36583102291035,2.0112089025377275
687,2018-04-26,0.0,inf,2.0112089025377275
688,2018-04-27,0.0,inf,2.0112089025377275
689,2018-04-30,0.0,inf,2.0112089025377275
690,2018-05-01,0.0,inf,2.0112089025377275
691,2018-05-02,0.0,inf,2.0112089025377275
692,2018-05-03,0.0,inf,2.0112089025377275
693,2018-05-04,0.0,inf,2.0112089025377275
694,2018-05-07,0.0,inf,2.0112089025377275
695,2018-05-08,0.0,inf,2.0112089025377275
696,2018-05-09,0.0,inf,2.0112089025377275
697,2018-05-10,0.0,inf,2.0112089025377275
698,2018-05-11,0.0,inf,2.0112089025377275
699,2018-05-14,0.0,inf,2.0112089025377275
700,2018-05-15,0.0,inf,2.0112089025377275
701,2018-05-16,0.0,inf,2.0112089025377275
702,2018-05-17,0.0,inf,2.0112089025377275
703,2018-05-18,0.0,inf,2.0112089025377275
704,2018-05-21,-0.195877218439779,-1.105291894533906,2.9260884086107786
705,2018-05-22,-0.195877218439779,-1.105291894533906,2.9260884086107786
706,2018-05-23,-0.195877218439779,-1.105291894533906,2.9260884086107786
707,2018-05-24,-0.195877218439779,-1.105291894533906,2.9260884086107786
708,2018-05-25,-0.195877218439779,-1.105291894533906,2.9260884086107786
709,2018-05-29,-0.195877218439779,-1.105291894533906,2.9260884086107786
710,2018-05-30,-0.195877218439779,-1.105291894533906,2.9260884086107786
711,2018-05-31,-0.195877218439779,-1.105291894533906,2.9260884086107786
712,2018-06-01,-0.195877218439779,-1.105291894533906,2.9260884086107786
713,2018-06-04,-0.195877218439779,-1.105291894533906,2.9260884086107786
714,2018-06-05,-0.195877218439779,-1.105291894533906,2.9260884086107786
715,2018-06-06,-0.195877218439779,-1.105291894533906,2.9260884086107786
716,2018-06-07,-0.195877218439779,-1.105291894533906,2.9260884086107786
717,2018-06-08,-0.195877218439779,-1.105291894533906,2.9260884086107786
718,2018-06-11,-0.195877218439779,-1.105291894533906,2.9260884086107786
719,2018-06-12,-0.195877218439779,-1.105291894533906,2.9260884086107786
720,2018-06-13,-0.195877218439779,-1.105291894533906,2.9260884086107786
721,2018-06-14,-0.195877218439779,-1.105291894533906,2.9260884086107786
722,2018-06-15,-0.195877218439779,-1.105291894533906,2.9260884086107786
723,2018-06-18,-0.195877218439779,-1.105291894533906,2.9260884086107786
724,2018-06-19,0.0,inf,2.9260884086107786
725,2018-06-20,0.0,inf,2.9260884086107786
726,2018-06-21,0.0,inf,2.9260884086107786
727,2018-06-22,0.0,inf,2.9260884086107786
728,2018-06-25,0.0,inf,2.9260884086107786
729,2018-06-26,0.0,inf,2.9260884086107786
730,2018-06-27,0.0,inf,2.9260884086107786
731,2018-06-28,-0.00930800578663213,-22.259708559299337,3.012616424172156
732,2018-06-29,-0.00930800578663213,-22.259708559299337,3.012616424172156
733,2018-07-02,-0.00930800578663213,-22.259708559299337,3.012616424172156
734,2018-07-03,-0.00930800578663213,-22.259708559299337,3.012616424172156
735,2018-07-05,-0.00930800578663213,-22.259708559299337,3.012616424172156
736,2018-07-06,-0.00930800578663213,-22.259708559299337,3.012616424172156
737,2018-07-09,-0.00930800578663213,-22.259708559299337,3.012616424172156
738,2018-07-10,-0.00930800578663213,-22.259708559299337,3.012616424172156
739,2018-07-11,-0.00930800578663213,-22.259708559299337,3.012616424172156
740,2018-07-12,-0.00930800578663213,-22.259708559299337,3.012616424172156
741,2018-07-13,-0.00930800578663213,-22.259708559299337,3.012616424172156
742,2018-07-16,-0.00930800578663213,-22.259708559299337,3.012616424172156
743,2018-07-17,-0.00930800578663213,-22.259708559299337,3.012616424172156
744,2018-07-18,-0.00930800578663213,-22.259708559299337,3.012616424172156
745,2018-07-19,-0.00930800578663213,-22.259708559299337,3.012616424172156
746,2018-07-20,-0.00930800578663213,-22.259708559299337,3.012616424172156
747,2018-07-23,-0.00930800578663213,-22.259708559299337,3.012616424172156
748,2018-07-24,-0.00930800578663213,-22.259708559299337,3.012616424172156
749,2018-07-25,-0.00930800578663213,-22.259708559299337,3.012616424172156
750,2018-07-26,-0.00930800578663213,-6.208114390103166,10.801985818743315
751,2018-07-27,0.0,inf,10.801985818743315
752,2018-07-30,0.0,inf,10.801985818743315
753,2018-07-31,0.0,inf,10.801985818743315
754,2018-08-01,0.0,inf,10.801985818743315
755,2018-08-02,0.0,inf,10.801985818743315
756,2018-08-03,0.0,inf,10.801985818743315
757,2018-08-06,0.0,inf,10.801985818743315
758,2018-08-07,0.0,inf,10.801985818743315
759,2018-08-08,0.0,inf,10.801985818743315
760,2018-08-09,0.0,inf,10.801985818743315
761,2018-08-10,0.0,inf,10.801985818743315
762,2018-08-13,-0.11259297278265945,0.48677823101182016,-9.334464815807141
763,2018-08-14,-0.11259297278265945,0.48677823101182016,-9.334464815807141
764,2018-08-15,-0.11259297278265945,0.48677823101182016,-9.334464815807141
765,2018-08-16,-0.11259297278265945,0.48677823101182016,-9.334464815807141
766,2018-08-17,-0.11259297278265945,0.48677823101182016,-9.334464815807141
767,2018-08-20,-0.11259297278265945,0.48677823101182016,-9.334464815807141
768,2018-08-21,-0.11259297278265945,0.48677823101182016,-9.334464815807141
769,2018-08-22,-0.11259297278265945,0.48677823101182016,-9.334464815807141
770,2018-08-23,-0.11259297278265945,0.48677823101182016,-9.334464815807141
771,2018-08-24,-0.11259297278265945,0.48677823101182016,-9.334464815807141
772,2018-08-27,-0.11259297278265945,0.48677823101182016,-9.334464815807141
773,2018-08-28,-0.11259297278265945,0.48677823101182016,-9.334464815807141
774,2018-08-29,-0.11259297278265945,0.48677823101182016,-9.334464815807141
775,2018-08-30,-0.11259297278265945,0.48677823101182016,-9.334464815807141
776,2018-08-31,-0.11259297278265945,0.48677823101182016,-9.334464815807141
777,2018-09-04,-0.11259297278265945,0.48677823101182016,-9.334464815807141
778,2018-09-05,-0.18598441444866898,0.6893010371946896,-3.418195625688192
779,2018-09-06,-0.18598441444866898,0.6893010371946896,-3.418195625688192
780,2018-09-07,-0.18598441444866898,0.6893010371946896,-3.418195625688192
781,2018-09-10,-0.18598441444866898,0.6893010371946896,-3.418195625688192
782,2018-09-11,-0.07339144166600954,1.746787457383994,-3.418195625688192
783,2018-09-12,-0.07339144166600954,1.746787457383994,-3.418195625688192
784,2018-09-13,-0.07339144166600954,1.746787457383994,-3.418195625688192
785,2018-09-14,-0.07339144166600954,1.746787457383994,-3.418195625688192
786,2018-09-17,-0.07339144166600954,1.746787457383994,-3.418195625688192
787,2018-09-18,-0.07339144166600954,1.746787457383994,-3.418195625688192
788,2018-09-19,-0.07339144166600954,1.746787457383994,-3.418195625688192
789,2018-09-20,-0.07339144166600954,1.746787457383994,-3.418195625688192
790,2018-09-21,-0.07339144166600954,1.746787457383994,-3.418195625688192
791,2018-09-24,-0.07339144166600954,1.746787457383994,-3.2836672486405787
792,2018-09-25,-0.07339144166600954,1.746787457383994,-3.2836672486405787
793,2018-09-26,-0.05410335044462582,2.013020592349455,-4.042301770081428
794,2018-09-27,-0.05410335044462582,2.3006444029240782,-3.536938039325974
795,2018-09-28,-0.05410335044462582,2.3006444029240782,-3.536938039325974
796,2018-10-01,-0.05410335044462582,2.3006444029240782,-3.536938039325974
797,2018-10-02,-0.05410335044462582,2.3006444029240782,-3.536938039325974
798,2018-10-03,0.01928809122138372,-6.453337914633666,-3.536938039325974
799,2018-10-04,0.01928809122138372,-6.453337914633666,-3.536938039325974
800,2018-10-05,0.01928809122138372,-6.453337914633666,-3.536938039325974
801,2018-10-08,0.01928809122138372,-6.453337914633666,-3.536938039325974
802,2018-10-09,0.01928809122138372,-6.453337914633666,-3.536938039325974
803,2018-10-10,0.01928809122138372,-6.453337914633666,-3.536938039325974
804,2018-10-11,0.01928809122138372,-6.453337914633666,-3.536938039325974
805,2018-10-12,0.01928809122138372,-6.453337914633666,-3.536938039325974
806,2018-10-15,0.01928809122138372,-6.453337914633666,-3.536938039325974
807,2018-10-16,0.01928809122138372,-6.453337914633666,-3.536938039325974
808,2018-10-17,0.01928809122138372,-6.453337914633666,-3.536938039325974
809,2018-10-18,0.01928809122138372,-6.453337914633666,-3.536938039325974
810,2018-10-19,0.01928809122138372,-6.453337914633666,-3.536938039325974
811,2018-10-22,0.01928809122138372,-6.453337914633666,-3.536938039325974
812,2018-10-23,0.01928809122138372,-6.453337914633666,-3.536938039325974
813,2018-10-24,0.0,-inf,-3.536938039325974
814,2018-10-25,0.0,-inf,-3.536938039325974
815,2018-10-26,0.0,-inf,-3.536938039325974
816,2018-10-29,0.0,-inf,-3.536938039325974
817,2018-10-30,0.0,-inf,-3.536938039325974
818,2018-10-31,0.0,-inf,-3.536938039325974
819,2018-11-01,0.0,-inf,-3.536938039325974
820,2018-11-02,0.0,-inf,-3.536938039325974
821,2018-11-05,0.0,-inf,-3.536938039325974
822,2018-11-06,0.0,-inf,-3.536938039325974
823,2018-11-07,0.0,-inf,-3.536938039325974
824,2018-11-08,0.0,-inf,-3.536938039325974
825,2018-11-09,0.0,-inf,-3.536938039325974
826,2018-11-12,0.0,-inf,-3.536938039325974
827,2018-11-13,0.0,-inf,-3.536938039325974
828,2018-11-14,0.0,-inf,-3.536938039325974
829,2018-11-15,0.0,-inf,-3.536938039325974
830,2018-11-16,0.0,-inf,-3.536938039325974
831,2018-11-19,0.0,-inf,-3.536938039325974
832,2018-11-20,0.0,-inf,-3.536938039325974
833,2018-11-21,0.0,-inf,-3.536938039325974
834,2018-11-23,0.0,-inf,-3.536938039325974
835,2018-11-26,0.0,-inf,-3.536938039325974
836,2018-11-27,0.0,-inf,-3.536938039325974
837,2018-11-28,0.0,-inf,-3.536938039325974
838,2018-11-29,0.0,-inf,-3.536938039325974
839,2018-11-30,0.0,-inf,-3.536938039325974
840,2018-12-03,0.0,-inf,-3.536938039325974
841,2018-12-04,0.0,-inf,-3.536938039325974
842,2018-12-06,0.0,-inf,-3.536938039325974
843,2018-12-07,0.0,-inf,-3.536938039325974
844,2018-12-10,0.0,-inf,-3.536938039325974
845,2018-12-11,0.0,-inf,-3.536938039325974
846,2018-12-12,0.0,-inf,-3.536938039325974
847,2018-12-13,0.0,-inf,-3.536938039325974
848,2018-12-14,0.0,-inf,-3.536938039325974
849,2018-12-17,0.0,-inf,-3.536938039325974
850,2018-12-18,0.0,-inf,-1.2272368165946212
851,2018-12-19,0.0,-inf,-1.2272368165946212
852,2018-12-20,0.0,-inf,-1.2272368165946212
853,2018-12-21,0.0,-inf,-1.2272368165946212
854,2018-12-24,0.0,-inf,-1.2272368165946212
855,2018-12-26,0.0,-inf,-1.2272368165946212
856,2018-12-27,0.0,-inf,-1.2272368165946212
857,2018-12-28,0.0,-inf,-1.2272368165946212
858,2018-12-31,0.0,-inf,-1.2272368165946212
859,2019-01-02,0.0,-inf,-1.2272368165946212
860,2019-01-03,0.0,-inf,-1.2272368165946212
861,2019-01-04,0.0,-inf,-1.2272368165946212
862,2019-01-07,0.0,-inf,-1.2272368165946212
863,2019-01-08,0.0,-inf,-1.2272368165946212
864,2019-01-09,0.0,-inf,-1.2272368165946212
865,2019-01-10,0.0,-inf,-1.2272368165946212
866,2019-01-11,0.0,-inf,-1.2272368165946212
867,2019-01-14,0.0,-inf,-1.2272368165946212
868,2019-01-15,0.0,-inf,-1.2272368165946212
869,2019-01-16,0.0,-inf,-1.2272368165946212
870,2019-01-17,0.0,-inf,-1.2272368165946212
871,2019-01-18,0.0,-inf,-1.2272368165946212
872,2019-01-22,0.0,-inf,-1.2272368165946212
873,2019-01-23,0.0,-inf,-1.2272368165946212
874,2019-01-24,0.0,-inf,-1.2272368165946212
875,2019-01-25,0.0,-inf,-1.2272368165946212
876,2019-01-28,0.0,-inf,-1.2272368165946212
877,2019-01-29,0.0,-inf,-1.2272368165946212
878,2019-01-30,0.0,-inf,-1.2272368165946212
879,2019-01-31,0.0,-inf,-1.2272368165946212
880,2019-02-01,0.0,-inf,-1.2272368165946212
881,2019-02-04,0.0,-inf,-1.2272368165946212
882,2019-02-05,0.0,-inf,-1.2272368165946212
883,2019-02-06,0.0,-inf,-1.2272368165946212
884,2019-02-07,0.0,-inf,-1.2272368165946212
885,2019-02-08,0.0,-inf,-1.2272368165946212
886,2019-02-11,0.0,-inf,-1.2272368165946212
887,2019-02-12,0.0,-inf,-1.2272368165946212
888,2019-02-13,0.0,-inf,-1.2272368165946212
889,2019-02-14,0.0,-inf,-1.2272368165946212
890,2019-02-15,0.0,-inf,-1.2272368165946212
891,2019-02-19,0.0,-inf,-1.2272368165946212
892,2019-02-20,0.0,-inf,-1.2272368165946212
893,2019-02-21,0.0,-inf,-1.2272368165946212
894,2019-02-22,0.0,-inf,-1.2272368165946212
895,2019-02-25,0.0,-inf,-1.2272368165946212
896,2019-02-26,0.0,-inf,-1.2272368165946212
897,2019-02-27,0.0,-inf,-1.2272368165946212
898,2019-02-28,0.0,-inf,-1.2272368165946212
899,2019-03-01,0.0,-inf,-1.2272368165946212
900,2019-03-04,0.0,-inf,-1.2272368165946212
901,2019-03-05,0.0,-inf,-1.2272368165946212
902,2019-03-06,0.0,-inf,-1.2272368165946212
903,2019-03-07,0.0,-inf,-1.2272368165946212
904,2019-03-08,0.0,-inf,-1.2272368165946212
905,2019-03-11,0.0,-inf,-1.2272368165946212
906,2019-03-12,0.0,-inf,-1.2272368165946212
907,2019-03-13,0.0,-inf,-1.2272368165946212
908,2019-03-14,0.0,-inf,-1.2272368165946212
909,2019-03-15,0.0,-inf,-1.2272368165946212
910,2019-03-18,0.0,-inf,-1.2272368165946212
911,2019-03-19,0.0,-inf,-1.2272368165946212
912,2019-03-20,0.0,-inf,-1.2272368165946212
913,2019-03-21,0.0,-inf,-1.2272368165946212
914,2019-03-22,0.0,-inf,-1.2272368165946212
915,2019-03-25,0.0,-inf,-1.2272368165946212
916,2019-03-26,0.0,-inf,-1.1758385722142843
917,2019-03-27,0.0,-inf,-1.1758385722142843
918,2019-03-28,0.0,-inf,-1.1758385722142843
919,2019-03-29,0.0,-inf,-1.134268333217754
920,2019-04-01,0.0,-inf,-1.134268333217754
921,2019-04-02,0.0,-inf,-1.134268333217754
922,2019-04-03,0.0,-inf,-1.134268333217754
923,2019-04-04,0.0,-inf,-1.134268333217754
924,2019-04-05,0.0,-inf,-1.134268333217754
925,2019-04-08,0.0,-inf,-1.134268333217754
926,2019-04-09,0.0,-inf,-1.134268333217754
927,2019-04-10,0.0,-inf,-1.134268333217754
928,2019-04-11,0.0,-inf,-1.134268333217754
929,2019-04-12,0.0,-inf,-1.134268333217754
930,2019-04-15,0.0,-inf,-1.134268333217754
931,2019-04-16,0.0,-inf,-1.134268333217754
932,2019-04-17,0.0,-inf,-1.134268333217754
933,2019-04-18,0.0,-inf,-1.134268333217754
934,2019-04-22,0.0,-inf,-1.134268333217754
935,2019-04-23,0.0,-inf,-1.134268333217754
936,2019-04-24,0.0,-inf,-1.134268333217754
937,2019-04-25,0.0,-inf,-1.134268333217754
938,2019-04-26,0.0,-inf,-1.134268333217754
939,2019-04-29,0.0,-inf,-1.134268333217754
940,2019-04-30,0.0,-inf,-1.134268333217754
941,2019-05-01,0.0,-inf,-1.134268333217754
942,2019-05-02,0.0,-inf,-1.134268333217754
943,2019-05-03,0.0,-inf,-1.134268333217754
944,2019-05-06,0.0,-inf,-1.134268333217754
945,2019-05-07,0.0,-inf,-1.134268333217754
946,2019-05-08,0.0,-inf,-1.134268333217754
947,2019-05-09,-0.1245819377454905,3.9850358260875374,-0.5986976567269597
948,2019-05-10,-0.1245819377454905,3.9850358260875374,-0.5986976567269597
949,2019-05-13,-0.1245819377454905,3.9850358260875374,-0.5986976567269597
950,2019-05-14,-0.1245819377454905,3.9850358260875374,-0.5986976567269597
951,2019-05-15,-0.1245819377454905,3.9850358260875374,-0.5986976567269597
952,2019-05-16,-0.1245819377454905,3.9850358260875374,-0.5986976567269597
953,2019-05-17,-0.1245819377454905,3.9850358260875374,-0.5986976567269597
954,2019-05-20,-0.11638523653957167,4.195263922733487,-0.6255355401144443
955,2019-05-21,-0.11638523653957167,4.195263922733487,-0.6255355401144443
956,2019-05-22,-0.11638523653957167,2.5122564875664013,-1.0445934548553422
957,2019-05-23,-0.11638523653957167,2.5122564875664013,-1.0445934548553422
958,2019-05-24,-0.11638523653957167,2.5122564875664013,-1.0445934548553422
959,2019-05-28,-0.11638523653957167,2.5122564875664013,-1.0445934548553422
960,2019-05-29,-0.11638523653957167,2.5122564875664013,-1.0445934548553422
961,2019-05-30,-0.11638523653957167,2.5122564875664013,-1.0445934548553422
962,2019-05-31,-0.11638523653957167,2.5122564875664013,-1.0445934548553422
963,2019-06-03,-0.11638523653957167,2.5122564875664013,-1.0445934548553422
964,2019-06-04,-0.11638523653957167,2.5122564875664013,-1.0445934548553422
965,2019-06-05,-0.11638523653957167,2.5122564875664013,-1.0445934548553422
966,2019-06-06,-0.11638523653957167,2.5122564875664013,-1.0445934548553422
967,2019-06-07,0.008196701205918833,-35.67161449564061,-1.0445934548553422
968,2019-06-10,0.008196701205918833,-35.67161449564061,-1.0445934548553422
969,2019-06-11,0.008196701205918833,-35.67161449564061,-1.0445934548553422
970,2019-06-12,0.008196701205918833,-35.67161449564061,-1.0445934548553422
971,2019-06-13,0.008196701205918833,-35.67161449564061,-1.0445934548553422
972,2019-06-14,0.008196701205918833,-35.67161449564061,-1.0445934548553422
973,2019-06-17,0.008196701205918833,-35.67161449564061,-1.0445934548553422
974,2019-06-18,0.0,-inf,-1.0445934548553422
975,2019-06-19,0.0,-inf,-1.0445934548553422
976,2019-06-20,0.0,-inf,-1.0445934548553422
977,2019-06-21,0.0,-inf,-1.0445934548553422
978,2019-06-24,0.0,-inf,-1.0445934548553422
979,2019-06-25,0.0,-inf,-1.0445934548553422
980,2019-06-26,0.0,-inf,-1.0445934548553422
981,2019-06-27,0.0,-inf,-1.0445934548553422
982,2019-06-28,0.0,-inf,-1.0445934548553422
983,2019-07-01,0.0,-inf,-1.0789407360080934
984,2019-07-02,0.0,-inf,-1.0789407360080934
985,2019-07-03,0.0,-inf,-1.0789407360080934
986,2019-07-05,0.0,-inf,-1.0789407360080934
987,2019-07-08,0.0,-inf,-1.0789407360080934
988,2019-07-09,0.0,-inf,-1.0789407360080934
989,2019-07-10,0.0,-inf,-1.0789407360080934
990,2019-07-11,0.0,-inf,-1.0789407360080934
991,2019-07-12,0.0,-inf,-1.0789407360080934
992,2019-07-15,0.0,-inf,-1.0789407360080934
993,2019-07-16,0.0,-inf,-1.0789407360080934
994,2019-07-17,0.0,-inf,-1.0789407360080934
995,2019-07-18,0.0,-inf,-1.0789407360080934
996,2019-07-19,0.0,-inf,-1.0789407360080934
997,2019-07-22,0.0,-inf,-1.0789407360080934
998,2019-07-23,0.0,-inf,-1.0789407360080934
999,2019-07-24,0.0,-inf,-1.0789407360080934
1000,2019-07-25,0.0,-inf,-1.0789407360080934
1001,2019-07-26,0.07294711367231131,-2.880640994769157,-1.8006345325565563
1002,2019-07-29,0.07294711367231131,-2.880640994769157,-1.8006345325565563
1003,2019-07-30,0.07294711367231131,-2.880640994769157,-1.8006345325565563
1004,2019-07-31,0.07294711367231131,-2.880640994769157,-1.8006345325565563
1005,2019-08-01,0.06003877186696075,-3.7149791870182525,-1.6385510679509516
1006,2019-08-02,0.06003877186696075,-3.7149791870182525,-1.6385510679509516
1007,2019-08-05,0.06003877186696075,-3.7149791870182525,-1.6385510679509516
1008,2019-08-06,0.06003877186696075,-3.7149791870182525,-1.6385510679509516
1009,2019-08-07,0.06003877186696075,-3.7149791870182525,-1.6385510679509516
1010,2019-08-08,0.06003877186696075,-3.7149791870182525,-1.6385510679509516
1011,2019-08-09,0.06003877186696075,-3.7149791870182525,-1.6385510679509516
1012,2019-08-12,0.06003877186696075,-3.7149791870182525,-1.6385510679509516
1013,2019-08-13,0.06003877186696075,-3.7149791870182525,-1.6385510679509516
1014,2019-08-14,0.06003877186696075,-1.839641479708833,-3.3088964243553356
1015,2019-08-15,0.06003877186696075,-1.839641479708833,-3.3088964243553356
1016,2019-08-16,0.06003877186696075,-1.839641479708833,-3.3088964243553356
1017,2019-08-19,0.06003877186696075,-1.839641479708833,-3.3088964243553356
1018,2019-08-20,0.06003877186696075,-1.839641479708833,-3.3088964243553356
1019,2019-08-21,0.06003877186696075,-1.839641479708833,-3.3088964243553356
1020,2019-08-22,0.06003877186696075,-1.839641479708833,-3.3088964243553356
1021,2019-08-23,-0.012908341805350563,8.556468118271768,-3.3088964243553356
1022,2019-08-26,-0.012908341805350563,8.556468118271768,-3.3088964243553356
1023,2019-08-27,-0.012908341805350563,8.556468118271768,-3.3088964243553356
1024,2019-08-28,-0.012908341805350563,8.556468118271768,-3.3088964243553356
1025,2019-08-29,0.0,-inf,-3.3088964243553356
1026,2019-08-30,0.0,-inf,-3.3088964243553356
1027,2019-09-03,0.0,-inf,-3.3088964243553356
1028,2019-09-04,0.0,-inf,-3.3088964243553356
1029,2019-09-05,0.0,-inf,-3.3088964243553356
1030,2019-09-06,0.0,-inf,-9.861927663747206
1031,2019-09-09,0.0,-inf,-9.861927663747206
1032,2019-09-10,0.0,-inf,-9.861927663747206
1033,2019-09-11,0.0,-inf,-9.861927663747206
1034,2019-09-12,0.0,-inf,-9.861927663747206
1035,2019-09-13,0.0,-inf,-9.861927663747206
1036,2019-09-16,0.0,-inf,-9.861927663747206
1037,2019-09-17,0.0,-inf,-9.861927663747206
1038,2019-09-18,0.0,-inf,-9.861927663747206
1039,2019-09-19,0.0,-inf,-9.861927663747206
1040,2019-09-20,0.0,-inf,-9.861927663747206
1041,2019-09-23,0.0,-inf,-9.861927663747206
1042,2019-09-24,0.0,-inf,-9.861927663747206
1043,2019-09-25,0.007047639396401309,-4.258267537091934,-12.412713298781556
1044,2019-09-26,0.007047639396401309,-4.258267537091934,-12.412713298781556
1045,2019-09-27,0.029090350031714778,-0.9369469467084816,-14.475920487648596
1046,2019-09-30,0.029090350031714778,-0.9369469467084816,-14.475920487648596
1047,2019-10-01,0.029090350031714778,-0.9369469467084816,-14.475920487648596
1048,2019-10-02,0.005923222062548101,-8.512806387740142,-7.36545690341151
1049,2019-10-03,0.005923222062548101,-8.512806387740142,-7.36545690341151
1050,2019-10-04,0.005923222062548101,-8.512806387740142,-7.36545690341151
1051,2019-10-07,0.009821895368251388,-4.736821922858907,-8.06646680005306
1052,2019-10-08,0.009821895368251388,-4.736821922858907,-8.06646680005306
1053,2019-10-09,0.009821895368251388,-4.736821922858907,-8.06646680005306
1054,2019-10-10,0.009821895368251388,-4.736821922858907,-8.06646680005306
1055,2019-10-11,0.009821895368251388,-4.736821922858907,-8.06646680005306
1056,2019-10-14,0.009821895368251388,-4.736821922858907,-8.06646680005306
1057,2019-10-15,0.009821895368251388,-4.736821922858907,-8.06646680005306
1058,2019-10-16,0.009821895368251388,-4.736821922858907,-8.06646680005306
1059,2019-10-17,0.009821895368251388,-4.736821922858907,-8.06646680005306
1060,2019-10-18,0.009821895368251388,-4.736821922858907,-8.06646680005306
1061,2019-10-21,0.009821895368251388,-4.736821922858907,-8.06646680005306
1062,2019-10-22,0.009821895368251388,-4.736821922858907,-8.06646680005306
1063,2019-10-23,0.002774255971850079,-16.770106931889742,-8.06646680005306
1064,2019-10-24,0.002774255971850079,-16.770106931889742,-8.06646680005306
1065,2019-10-25,-0.01926845466346339,2.4145459569510184,-8.06646680005306
1066,2019-10-28,-0.01926845466346339,2.4145459569510184,-8.06646680005306
1067,2019-10-29,-0.01926845466346339,2.4145459569510184,-8.06646680005306
1068,2019-10-30,0.003898673305703287,-11.93343623747589,-8.06646680005306
1069,2019-10-31,0.003898673305703287,-11.93343623747589,-8.06646680005306
1070,2019-11-01,0.003898673305703287,-11.93343623747589,-8.06646680005306
1071,2019-11-04,0.0,-inf,-8.06646680005306
1072,2019-11-05,0.0,-inf,-8.06646680005306
1073,2019-11-06,0.0,-inf,-8.06646680005306
1074,2019-11-07,0.0,-inf,-8.06646680005306
1075,2019-11-08,0.0,-inf,-8.06646680005306
1076,2019-11-11,0.0,-inf,-8.06646680005306
1077,2019-11-12,0.0,-inf,-8.06646680005306
1078,2019-11-13,0.0,-inf,-8.06646680005306
1079,2019-11-14,0.0,-inf,-8.06646680005306
1080,2019-11-15,0.0,-inf,-8.06646680005306
1081,2019-11-18,0.0,-inf,-8.06646680005306
1082,2019-11-19,-0.02282661893162856,3.0381717259008996,-5.082281698611959
1083,2019-11-20,-0.02282661893162856,3.0381717259008996,-5.082281698611959
1084,2019-11-21,-0.02282661893162856,3.0381717259008996,-5.082281698611959
1085,2019-11-22,-0.02282661893162856,3.0381717259008996,-5.082281698611959
1086,2019-11-25,-0.02282661893162856,3.0381717259008996,-5.082281698611959
1087,2019-11-26,-0.02282661893162856,3.0381717259008996,-5.082281698611959
1088,2019-11-27,-0.02282661893162856,3.0381717259008996,-5.082281698611959
1089,2019-11-29,-0.02282661893162856,3.0381717259008996,-5.082281698611959
1090,2019-12-02,-0.02282661893162856,3.0381717259008996,-5.082281698611959
1091,2019-12-03,-0.05519191028923542,1.8429599385226143,-3.146953027376547
1092,2019-12-04,-0.05519191028923542,1.8429599385226143,-3.146953027376547
1093,2019-12-05,-0.05519191028923542,1.8429599385226143,-3.146953027376547
1094,2019-12-06,-0.05519191028923542,1.8429599385226143,-3.146953027376547
1095,2019-12-09,-0.05519191028923542,1.8429599385226143,-3.146953027376547
1096,2019-12-10,-0.05519191028923542,1.8429599385226143,-3.146953027376547
1097,2019-12-11,-0.0348412206261455,2.335331210223061,-4.184162328480022
1098,2019-12-12,-0.0348412206261455,2.335331210223061,-4.184162328480022
1099,2019-12-13,-0.0348412206261455,2.335331210223061,-4.184162328480022
1100,2019-12-16,-0.0348412206261455,2.335331210223061,-4.184162328480022
1101,2019-12-17,-0.0348412206261455,2.335331210223061,-4.184162328480022
1102,2019-12-18,-0.012014601694516947,6.772241976830377,-4.184162328480022
1103,2019-12-19,-0.012014601694516947,6.772241976830377,-4.184162328480022
1104,2019-12-20,-0.012014601694516947,6.772241976830377,-4.184162328480022
1105,2019-12-23,-0.012014601694516947,6.772241976830377,-4.184162328480022
1106,2019-12-24,-0.012014601694516947,6.772241976830377,-4.184162328480022
1107,2019-12-26,-0.012014601694516947,6.772241976830377,-4.184162328480022
1108,2019-12-27,-0.012014601694516947,6.772241976830377,-4.184162328480022
1109,2019-12-30,-0.012014601694516947,6.772241976830377,-4.184162328480022
1110,2019-12-31,-0.012014601694516947,6.772241976830377,-4.184162328480022
1111,2020-01-02,0.02035068966308991,-3.9981834167555683,-4.184162328480022
1112,2020-01-03,0.023568784238597568,-3.315728743743104,-4.39764430759722
1113,2020-01-06,0.023568784238597568,-3.315728743743104,-4.39764430759722
1114,2020-01-07,0.023568784238597568,-3.315728743743104,-4.39764430759722
1115,2020-01-08,0.023568784238597568,-3.315728743743104,-4.39764430759722
1116,2020-01-09,0.023568784238597568,-3.315728743743104,-4.39764430759722
1117,2020-01-10,0.003218094575507655,-24.283840490508137,-4.39764430759722
1118,2020-01-13,0.003218094575507655,-24.283840490508137,-4.39764430759722
1119,2020-01-14,0.003218094575507655,-24.283840490508137,-4.39764430759722
1120,2020-01-15,0.003218094575507655,-24.283840490508137,-4.39764430759722
1121,2020-01-16,0.003218094575507655,-24.283840490508137,-4.39764430759722
1122,2020-01-17,0.003218094575507655,-24.283840490508137,-4.39764430759722
1123,2020-01-21,0.003218094575507655,-24.283840490508137,-4.39764430759722
1124,2020-01-22,0.003218094575507655,-24.283840490508137,-4.39764430759722
1125,2020-01-23,0.003218094575507655,-24.283840490508137,-4.39764430759722
1126,2020-01-24,0.003218094575507655,-24.283840490508137,-4.39764430759722
1127,2020-01-27,0.003218094575507655,-24.283840490508137,-4.39764430759722
1128,2020-01-28,0.003218094575507655,-24.283840490508137,-4.39764430759722
1129,2020-01-29,0.003218094575507655,-24.283840490508137,-4.39764430759722
1130,2020-01-30,0.003218094575507655,-24.283840490508137,-4.39764430759722
1131,2020-01-31,0.003218094575507655,-24.283840490508137,0.24040614125301285
1132,2020-02-03,0.0,-inf,0.24040614125301285
1133,2020-02-04,0.0,-inf,0.24040614125301285
1134,2020-02-05,0.0,-inf,0.24040614125301285
1135,2020-02-06,0.0,-inf,0.24040614125301285
1136,2020-02-07,0.0,-inf,0.24040614125301285
1137,2020-02-10,0.0,-inf,0.24040614125301285
1138,2020-02-11,0.0,-inf,0.24040614125301285
1139,2020-02-12,0.0,-inf,0.24040614125301285
1140,2020-02-13,0.0,-inf,0.24040614125301285
1141,2020-02-14,0.0,-inf,0.24040614125301285
1142,2020-02-18,0.0,-inf,0.24040614125301285
1143,2020-02-19,0.0,-inf,0.24040614125301285
1144,2020-02-20,0.0,-inf,0.24040614125301285
1145,2020-02-21,0.0,-inf,0.24040614125301285
1146,2020-02-24,0.0,-inf,0.24040614125301285
1147,2020-02-25,0.0,-inf,0.24040614125301285
1148,2020-02-26,0.0,-inf,0.24040614125301285
1149,2020-02-27,0.0,-inf,0.24040614125301285
1150,2020-02-28,-0.003218094575507667,25.283840490508048,0.270448802652975
1151,2020-03-02,-1.214306433183765e-17,6435582750731507.0,0.240406141253013
1152,2020-03-03,-1.214306433183765e-17,6435582750731507.0,0.240406141253013
1153,2020-03-04,-1.214306433183765e-17,6435582750731507.0,0.240406141253013
1154,2020-03-05,-1.214306433183765e-17,6435582750731507.0,0.240406141253013
1155,2020-03-06,-1.214306433183765e-17,6435582750731507.0,0.240406141253013
1156,2020-03-09,-1.214306433183765e-17,6435582750731507.0,0.240406141253013
1157,2020-03-10,-1.214306433183765e-17,6435582750731507.0,0.240406141253013
1158,2020-03-11,-1.214306433183765e-17,6435582750731507.0,0.240406141253013
1159,2020-03-12,-1.214306433183765e-17,6435582750731507.0,0.240406141253013
1160,2020-03-13,-1.214306433183765e-17,6435582750731507.0,0.240406141253013
1161,2020-03-16,-1.214306433183765e-17,6435582750731507.0,0.240406141253013
1162,2020-03-17,-1.214306433183765e-17,6435582750731507.0,0.240406141253013
1163,2020-03-18,-1.214306433183765e-17,6435582750731507.0,0.240406141253013
1164,2020-03-19,-1.214306433183765e-17,6435582750731507.0,0.240406141253013
1165,2020-03-20,-1.214306433183765e-17,6435582750731507.0,0.240406141253013
1166,2020-03-23,-1.214306433183765e-17,6435582750731507.0,0.240406141253013
1167,2020-03-24,-1.214306433183765e-17,6435582750731507.0,0.240406141253013
1168,2020-03-25,-0.2812982487201378,1.277810813649061,0.8348555312826724
1169,2020-03-26,-0.2812982487201378,1.277810813649061,0.8873344559343461
1170,2020-03-27,-0.27808015414463017,1.292598334393135,0.8873344559343461
1171,2020-03-30,-0.2504680838378498,1.3120066004321305,0.8767643691642328
1172,2020-03-31,-0.2504680838378498,1.3120066004321305,0.8767643691642328
1173,2020-04-01,-0.2504680838378498,1.3120066004321305,0.8767643691642328
1174,2020-04-02,-0.2504680838378498,1.3120066004321305,0.8767643691642328
1175,2020-04-03,-0.2504680838378498,1.3120066004321305,0.8767643691642328
1176,2020-04-06,-0.2504680838378498,1.3120066004321305,0.8767643691642328
1177,2020-04-07,-0.2504680838378498,1.3120066004321305,0.8767643691642328
1178,2020-04-08,-0.2504680838378498,1.3120066004321305,0.8767643691642328
1179,2020-04-09,-0.2504680838378498,1.3120066004321305,0.8767643691642328
1180,2020-04-13,-0.2504680838378498,1.3120066004321305,0.8767643691642328
1181,2020-04-14,-0.2504680838378498,1.3120066004321305,0.8767643691642328
1182,2020-04-15,-0.2504680838378498,1.3120066004321305,0.8767643691642328
1183,2020-04-16,-0.2504680838378498,1.3120066004321305,0.8767643691642328
1184,2020-04-17,-0.2504680838378498,1.3120066004321305,0.8767643691642328
1185,2020-04-20,-0.2504680838378498,1.3120066004321305,0.8767643691642328
1186,2020-04-21,-0.2504680838378498,1.3120066004321305,0.8767643691642328
1187,2020-04-22,-0.2504680838378498,1.3120066004321305,0.8767643691642328
1188,2020-04-23,0.030830164882288034,-10.65890437003914,0.8767643691642328
1189,2020-04-24,0.030830164882288034,-10.65890437003914,0.8767643691642328
1190,2020-04-27,0.030830164882288034,-10.65890437003914,0.8767643691642328
1191,2020-04-28,0.0,-inf,0.8767643691642328
1192,2020-04-29,0.0,-inf,0.8767643691642328
1193,2020-04-30,0.0,-inf,0.8767643691642328
1194,2020-05-01,0.0,-inf,0.8767643691642328
1195,2020-05-04,0.0,-inf,0.8767643691642328
1196,2020-05-05,0.0,-inf,0.8767643691642328
1197,2020-05-06,0.0,-inf,0.8767643691642328
1198,2020-05-07,0.0,-inf,0.8767643691642328
1199,2020-05-08,0.0,-inf,1.4121118550609058
1200,2020-05-11,0.0,-inf,1.4121118550609058
1201,2020-05-12,0.0,-inf,1.4121118550609058
1202,2020-05-13,0.0,-inf,1.4121118550609058
1203,2020-05-14,0.0,-inf,1.4121118550609058
1204,2020-05-15,0.0,-inf,1.4121118550609058
1205,2020-05-18,0.0,-inf,1.4121118550609058
1206,2020-05-19,0.0,-inf,1.3575737155426002
1207,2020-05-20,0.0,-inf,1.3575737155426002
1208,2020-05-21,0.0,-inf,1.3575737155426002
1209,2020-05-22,0.0,-inf,1.3575737155426002
1210,2020-05-26,0.0,-inf,1.3575737155426002
1211,2020-05-27,0.0,-inf,1.3575737155426002
1212,2020-05-28,0.0,-inf,1.3575737155426002
1213,2020-05-29,0.0,-inf,1.3575737155426002
1214,2020-06-01,0.0,-inf,1.3575737155426002
1215,2020-06-02,0.0,-inf,1.3575737155426002
1216,2020-06-03,0.0,-inf,1.3575737155426002
1217,2020-06-04,0.0,-inf,1.3575737155426002
1218,2020-06-05,0.12043161515381552,-0.7622494091955353,1.8266770185152812
1219,2020-06-08,0.14834039567371526,-0.430699585836962,2.187789780988173
1220,2020-06-09,0.17549137754948077,-0.20935025764121037,3.065590316866392
1221,2020-06-10,0.17549137754948077,-0.20935025764121037,3.065590316866392
1222,2020-06-11,0.17549137754948077,-0.20935025764121037,3.065590316866392
1223,2020-06-12,0.17549137754948077,-0.20935025764121037,3.065590316866392
1224,2020-06-15,0.17549137754948077,-0.20935025764121037,3.065590316866392
1225,2020-06-16,0.17549137754948077,-0.20935025764121037,3.065590316866392
1226,2020-06-17,0.17549137754948077,-0.20935025764121037,3.065590316866392
1227,2020-06-18,0.17549137754948077,-0.20935025764121037,3.065590316866392
1228,2020-06-19,0.17549137754948077,-0.20935025764121037,3.065590316866392
1229,2020-06-22,0.17549137754948077,-0.20935025764121037,3.065590316866392
1230,2020-06-23,0.17549137754948077,-0.20935025764121037,3.065590316866392
1231,2020-06-24,0.17549137754948077,-0.20935025764121037,3.065590316866392
1232,2020-06-25,-0.01040797754445627,21.39114148226794,1.340857743847541
1233,2020-06-26,-0.01040797754445627,21.39114148226794,1.340857743847541
1234,2020-06-29,-0.01040797754445627,21.39114148226794,1.340857743847541
1235,2020-06-30,-0.01040797754445627,21.39114148226794,1.340857743847541
1236,2020-07-01,-0.01040797754445627,21.39114148226794,1.340857743847541
1237,2020-07-02,-0.01040797754445627,21.39114148226794,1.340857743847541
1238,2020-07-06,-0.13083959269827178,1.7016142866720536,1.340857743847541
1239,2020-07-07,-0.15874837321817153,1.4024617429732935,1.340857743847541
1240,2020-07-08,-0.18589935509393704,1.1976293305871342,1.340857743847541
1241,2020-07-09,-0.18589935509393704,1.1976293305871342,1.340857743847541
1242,2020-07-10,-0.18589935509393704,1.1976293305871342,1.340857743847541
1243,2020-07-13,-0.17254803317007056,1.2129213786376982,1.3626025113530824
1244,2020-07-14,-0.1646219032597415,1.2231730066067055,1.3768755514901525
1245,2020-07-15,-0.1704283094241941,1.2155696153292899,1.3663126360016584
1246,2020-07-16,-0.1704283094241941,1.2155696153292899,1.3663126360016584
1247,2020-07-17,-0.1704283094241941,1.2155696153292899,1.3663126360016584
1248,2020-07-20,-0.1704283094241941,1.2155696153292899,1.3663126360016584
1249,2020-07-21,-0.1704283094241941,1.2155696153292899,1.3663126360016584
1250,2020-07-22,-0.1704283094241941,1.2155696153292899,1.3663126360016584
1251,2020-07-23,-0.1704283094241941,1.2155696153292899,2.0875085271615084
1252,2020-07-24,0.015471045669742953,-13.39065755155455,2.0875085271615084
1253,2020-07-27,0.029663148924654846,-8.964742267277089,1.5729086107881352
1254,2020-07-28,0.029663148924654846,-8.964742267277089,1.5729086107881352
1255,2020-07-29,0.029663148924654846,-8.964742267277089,1.5729086107881352
1256,2020-07-30,0.029663148924654846,-8.964742267277089,1.5729086107881352
1257,2020-07-31,-0.18425902177219966,2.5341299945365385,1.3539189785321957
1258,2020-08-03,-0.17589061179226323,2.6071198410438785,1.360377649292026
1259,2020-08-04,-0.17589061179226323,2.6071198410438785,1.360377649292026
1260,2020-08-05,-0.17589061179226323,2.6071198410438785,1.360377649292026
1261,2020-08-06,-0.17589061179226323,2.6071198410438785,1.360377649292026
1262,2020-08-07,-0.17589061179226323,2.6071198410438785,1.360377649292026
1263,2020-08-10,-0.18924193371612974,2.4231833550423634,1.360377649292026
1264,2020-08-11,-0.1971680636264588,2.3257717067492605,1.360377649292026
1265,2020-08-12,-0.19136165746200617,2.396341617954485,1.360377649292026
1266,2020-08-13,-0.19136165746200617,2.396341617954485,1.360377649292026
1267,2020-08-14,-0.19136165746200617,2.396341617954485,1.360377649292026
1268,2020-08-17,-0.19136165746200617,2.396341617954485,1.360377649292026
1269,2020-08-18,-0.12802581072879732,3.0871279382950707,1.4181280851441649
1270,2020-08-19,-0.12802581072879732,3.0871279382950707,1.4181280851441649
1271,2020-08-20,-0.12802581072879732,3.0871279382950707,1.4181280851441649
1272,2020-08-21,-0.12802581072879732,3.0871279382950707,1.4181280851441649
1273,2020-08-24,-0.14221791398370923,2.7790595857637177,1.4181280851441649
1274,2020-08-25,-0.14221791398370923,2.7790595857637177,1.4181280851441649
1275,2020-08-26,-0.14221791398370923,2.7790595857637177,1.4181280851441649
1276,2020-08-27,-0.14221791398370923,2.7790595857637177,1.4181280851441649
1277,2020-08-28,0.07170425671314529,-5.511974814896735,1.4181280851441649
1278,2020-08-31,0.09297648896050642,-3.9320845407675216,1.4520281836474451
1279,2020-09-01,0.10355119050715969,-3.4284174968055994,1.4654925163196866
1280,2020-09-02,0.10355119050715969,-3.4284174968055994,1.4654925163196866
1281,2020-09-03,0.10355119050715969,-3.4284174968055994,1.4654925163196866
1282,2020-09-04,0.10355119050715969,-3.4284174968055994,1.4654925163196866
1283,2020-09-08,0.1285509279427247,-2.5672080411684677,1.5007549165461436
1284,2020-09-09,0.1206278851753628,-2.801508276384956,1.4890146596945275
1285,2020-09-10,0.1206278851753628,-2.801508276384956,1.4890146596945275
1286,2020-09-11,0.1206278851753628,-2.801508276384956,1.4890146596945275
1287,2020-09-14,0.1206278851753628,-2.801508276384956,1.4890146596945275
1288,2020-09-15,0.1206278851753628,-2.801508276384956,1.4890146596945275
1289,2020-09-16,0.05729203844215395,-5.89855114027407,1.4890146596945275
1290,2020-09-17,0.05729203844215395,-5.89855114027407,1.4890146596945275
1291,2020-09-18,0.05729203844215395,-5.89855114027407,1.4890146596945275
1292,2020-09-21,0.05729203844215395,-5.89855114027407,1.4890146596945275
1293,2020-09-22,0.07976504571808873,-3.9549530570145235,1.5238507268838868
1294,2020-09-23,0.07976504571808873,-3.9549530570145235,1.5238507268838868
1295,2020-09-24,0.07976504571808873,-4.043308041744421,1.538801555910489
1296,2020-09-25,0.07976504571808873,-4.043308041744421,1.538801555910489
1297,2020-09-28,0.07976504571808873,-4.319653531637555,1.4403582741283052
1298,2020-09-29,0.03794589707141086,-9.401171019501993,1.4253250056753213
1299,2020-09-30,0.0273711955247576,-13.033258541231096,1.4253250056753213
1300,2020-10-01,0.0273711955247576,-12.186853131273324,1.524317155884785
1301,2020-10-02,0.0273711955247576,-12.186853131273324,1.524317155884785
1302,2020-10-05,0.0273711955247576,-12.186853131273324,1.524317155884785
1303,2020-10-06,0.002371458089192568,-142.30376439340344,1.5067071160031864
1304,2020-10-07,0.010294500856554476,-32.78132839033429,1.5067071160031864
1305,2020-10-08,0.010294500856554476,-32.78132839033429,1.5067071160031864
1306,2020-10-09,0.010294500856554476,-32.78132839033429,1.5067071160031864
1307,2020-10-12,0.010294500856554476,-32.78132839033429,1.5067071160031864
1308,2020-10-13,0.010294500856554476,-32.78132839033429,1.5067071160031864
1309,2020-10-14,0.010294500856554476,-32.78132839033429,1.5067071160031864
1310,2020-10-15,0.010294500856554476,-32.78132839033429,1.5067071160031864
1311,2020-10-16,0.010294500856554476,-32.78132839033429,1.5067071160031864
1312,2020-10-19,0.010294500856554476,-32.78132839033429,1.5067071160031864
1313,2020-10-20,-0.012178506419380305,27.710082137515656,1.5067071160031864
1314,2020-10-21,-0.012178506419380305,27.710082137515656,1.5067071160031864
1315,2020-10-22,-0.012178506419380305,27.710082137515656,1.5067071160031864
1316,2020-10-23,-0.012178506419380305,27.710082137515656,1.5067071160031864
1317,2020-10-26,-0.012178506419380305,27.710082137515656,1.5067071160031864
1318,2020-10-27,0.0,-inf,1.5067071160031864
1319,2020-10-28,0.0,-inf,1.5067071160031864
1320,2020-10-29,0.0,-inf,1.5067071160031864
1321,2020-10-30,0.0,-inf,1.5067071160031864
1322,2020-11-02,0.0,-inf,1.5067071160031864
1323,2020-11-03,0.0,-inf,1.5067071160031864
1324,2020-11-04,0.0,-inf,1.5067071160031864
1325,2020-11-05,0.0,-inf,1.5067071160031864
1326,2020-11-06,0.0,-inf,1.5067071160031864
1327,2020-11-09,0.0,-inf,1.5067071160031864
1328,2020-11-10,0.13455097140280847,-1.5081009053662322,1.8426973101607427
1329,2020-11-11,0.13455097140280847,-1.5081009053662322,1.8426973101607427
1330,2020-11-12,0.13455097140280847,-1.5081009053662322,1.8426973101607427
1331,2020-11-13,0.13455097140280847,-1.5081009053662322,1.8426973101607427
1332,2020-11-16,0.13455097140280847,-1.5081009053662322,1.8426973101607427
1333,2020-11-17,0.13455097140280847,-1.5081009053662322,1.8426973101607427
1334,2020-11-18,0.13455097140280847,-1.338450558782765,2.0762615873511496
1335,2020-11-19,0.13455097140280847,-1.338450558782765,2.0762615873511496
1336,2020-11-20,0.13455097140280847,-1.338450558782765,2.0762615873511496
1337,2020-11-23,0.13455097140280847,-1.338450558782765,2.0762615873511496
1338,2020-11-24,0.13455097140280847,-1.338450558782765,2.0762615873511496
1339,2020-11-25,0.13455097140280847,-1.338450558782765,2.0762615873511496
1340,2020-11-27,0.13455097140280847,-1.338450558782765,2.0762615873511496
1341,2020-11-30,0.13455097140280847,-1.338450558782765,2.0762615873511496
1342,2020-12-01,0.13455097140280847,-1.338450558782765,2.0762615873511496
1343,2020-12-02,0.13455097140280847,-1.0979075807561391,2.5311542888295127
1344,2020-12-03,0.13455097140280847,-1.0979075807561391,2.5311542888295127
1345,2020-12-04,0.13455097140280847,-1.0979075807561391,2.5311542888295127
1346,2020-12-07,0.044951304599457065,-5.279584217172282,1.9530804342301302
1347,2020-12-08,0.044951304599457065,-5.279584217172282,1.9530804342301302
1348,2020-12-09,-0.08959966680335141,2.648717420182643,1.9530804342301302
1349,2020-12-10,-0.08959966680335141,2.87584649765739,1.7988297266134277
1350,2020-12-11,-0.08959966680335141,2.87584649765739,1.7988297266134277
1351,2020-12-14,-0.08959966680335141,2.87584649765739,2.7079660102496708
1352,2020-12-15,-0.08959966680335141,2.87584649765739,2.7079660102496708
1353,2020-12-16,-0.08959966680335141,2.87584649765739,2.7079660102496708
1354,2020-12-17,-0.08959966680335141,2.87584649765739,2.7079660102496708
1355,2020-12-18,-0.08959966680335141,2.87584649765739,2.7079660102496708
1356,2020-12-21,-0.08959966680335141,2.87584649765739,2.7079660102496708
1357,2020-12-22,-0.08959966680335141,2.87584649765739,2.7079660102496708
1358,2020-12-23,-0.08959966680335141,2.87584649765739,2.7079660102496708
1359,2020-12-24,-0.08959966680335141,2.87584649765739,2.7079660102496708
1360,2020-12-28,-0.08959966680335141,2.87584649765739,2.7079660102496708
1361,2020-12-29,-0.08959966680335141,2.87584649765739,2.7079660102496708
1362,2020-12-30,-0.08959966680335141,2.87584649765739,2.7079660102496708
