,Date,STMR,momentum,ltmr
0,2018-02-08,-0.4103155622419143,0.8346602782715997,2.9679654698698594
1,2018-02-09,-0.3561940591013819,0.9873679949278722,2.9804784525796104
2,2018-02-12,-0.18655212894193138,1.8424540505572433,3.3215362981787773
3,2018-02-13,-0.1757317471148994,2.3228477703424817,3.104946155890905
4,2018-02-14,-0.09442430937875532,4.938816581123646,2.5156203855781945
5,2018-02-15,-0.1272516191260689,3.870805219979941,2.4112204085099265
6,2018-02-16,-0.09699226598730962,4.063042641663602,2.8266241104992704
7,2018-02-20,-0.15162513606722147,2.8103331921952437,2.554214005440949
8,2018-02-21,-0.1802129634981954,2.663650463815034,2.251023148874247
9,2018-02-22,-0.12826873551215912,3.528143416834047,2.3801290285155146
10,2018-02-23,-0.07377976253423381,5.978153724672143,2.3829646203017694
11,2018-02-26,-0.07203701386817955,6.004335921917531,2.4317183810928427
12,2018-02-27,-0.0810863675351841,5.8450649889083905,2.3516419721120605
13,2018-02-28,-0.0603568005408973,7.415253053567483,2.4793914688083425
14,2018-03-01,-0.013148472843505954,34.40598145801597,2.1847217014923572
15,2018-03-02,0.04638078834611947,-9.404275139540344,2.305793848933759
16,2018-03-05,0.07388884209915822,-5.096322411176414,2.434823128248269
17,2018-03-06,0.17929166878536038,-1.843606943581104,2.6659116595269503
18,2018-03-07,0.16420560914747193,-2.0360212141873024,2.602923778211663
19,2018-03-08,0.16196932794505586,-2.085619937553498,2.459275293131522
20,2018-03-09,0.2189207092422839,-1.3452119348990623,2.833259387742251
21,2018-03-12,0.2396728532654197,-1.2265362733475487,2.7485475926204876
22,2018-03-13,0.181261111307515,-1.7261955074200825,2.82857299077674
23,2018-03-14,0.19483191848831793,-1.6822039544305691,2.9406615348920155
24,2018-03-15,0.2087548138621094,-1.4718327350708675,2.894417808607021
25,2018-03-16,0.19993610349493607,-1.5517112838266611,2.8879933716242343
26,2018-03-19,0.13680534836548353,-2.429922382958107,2.818084385193037
27,2018-03-20,0.1584980153549827,-2.0608416766191753,3.0127342319880226
28,2018-03-21,0.15887882102320333,-1.8022128609493562,3.0559451923666416
29,2018-03-22,0.1241563239590658,-2.6529683800828576,2.654081631965216
30,2018-03-23,0.07235627474937914,-5.682256901694954,2.1339480442834993
31,2018-03-26,0.06491954609931488,-6.098250540543938,2.2560699983776598
32,2018-03-27,-0.20335571133938174,3.284278384240026,1.6930458700740003
33,2018-03-28,-0.3379908397984037,2.3866499397173344,1.5194036883795015
34,2018-03-29,-0.37149002972387374,2.321497085222925,1.429437344116495
35,2018-04-02,-0.3396937945399615,2.4385066024930966,1.5091762014597234
36,2018-04-03,-0.3214853874752892,2.4139733741130276,1.5302119737709365
37,2018-04-04,-0.3715635564324838,2.2439722514906966,1.4691569636428132
38,2018-04-05,-0.33947811400401345,2.287983554732727,1.4879225961661542
39,2018-04-06,-0.4081389064925669,1.8876065267036921,1.5814098664994571
40,2018-04-09,-0.3899609215721995,1.932941894119571,1.5613191240863995
41,2018-04-10,-0.4374985965953405,1.8276203503967778,1.4882895735425001
42,2018-04-11,-0.2938905181142654,2.321999461893197,1.628889699542985
43,2018-04-12,-0.28050071304311675,2.3675769666820767,1.6836129273049096
44,2018-04-13,-0.2916424736678781,2.070095953133698,1.7592233341723404
45,2018-04-16,-0.3108766894322492,2.0505692443454553,1.6519350762454388
46,2018-04-17,-0.25112217604538184,2.3772156799537676,1.467482389188548
47,2018-04-18,-0.2282937772905258,2.54611948317629,1.3534912595522672
48,2018-04-19,-0.249775374495003,2.340155993115501,1.3628478854080153
49,2018-04-20,-0.2429118385406759,2.519470875337695,1.3729659844332167
50,2018-04-23,-0.22778393087071191,2.7170555368193114,1.2044304012355562
51,2018-04-24,-0.20895891632225339,2.8900062414506493,1.1154152784385762
52,2018-04-25,0.02193872267585328,-29.958364463160606,1.0845877958213064
53,2018-04-26,0.19815302201063523,-3.295879181559433,0.9916328412743696
54,2018-04-27,0.17733401528291534,-3.883478863693064,1.0232542577614878
55,2018-04-30,0.12709387843974507,-5.432449038515254,1.0439717708465643
56,2018-05-01,0.07928679260239184,-8.901499362291657,1.0388213191389453
57,2018-05-02,0.09531017980432493,-7.395810966847448,1.115022445041127
58,2018-05-03,0.03390155167568149,-20.744798143833442,1.0957535624781947
59,2018-05-04,0.09931820120186352,-6.7849767603218964,1.226590976102175
60,2018-05-07,0.11264163615596487,-5.488608772788044,1.1677204219040092
61,2018-05-08,0.0896121586896872,-7.3084498500661415,1.233346367508719
62,2018-05-09,0.052004784990314676,-9.672667769709804,1.4778274692402735
63,2018-05-10,0.16153454532951153,-2.3477904692376947,1.9948449871596603
64,2018-05-11,0.19922665188991753,-1.731197573985673,1.944019480107662
65,2018-05-14,0.23248605548652657,-1.4490370168296987,2.3447068458858604
66,2018-05-15,0.18577579166204228,-1.858473898691993,2.2182411004772518
67,2018-05-16,0.10913993950036367,-3.6678396646874263,2.074966443255003
68,2018-05-17,0.1235334827848214,-2.7272687988873567,2.387746416076285
69,2018-05-18,0.1747035885141423,-1.5404873296821133,2.629768111652573
70,2018-05-21,0.2586419192306173,-0.845624196855756,2.8791637015077365
71,2018-05-22,0.2726041814826096,-0.6267770504285869,3.264030800756731
72,2018-05-23,0.3336265485024414,-0.33746780429992185,4.532511130433677
73,2018-05-24,0.3109690238305717,-0.24154244217414106,6.191217409105748
74,2018-05-25,0.26098969380432463,-0.5626794474838941,3.825409946870649
75,2018-05-29,0.28451249769050174,-0.5520386320799607,3.6502887055990056
76,2018-05-30,0.301649409226645,-0.4604224424581286,4.739993525021114
77,2018-05-31,0.29673190797169885,-0.49861140414956306,4.30929682918577
78,2018-06-01,0.3285040669720358,-0.5414459799053766,3.5091027826283763
79,2018-06-04,0.3377700953368128,-0.5487263727064224,3.5037814913896947
80,2018-06-05,0.270787583553019,-0.5602683465654891,4.052342491974627
81,2018-06-06,0.31975158983413443,-0.476875485804366,4.2588891257354415
82,2018-06-07,0.2693563944693411,-0.5094893196462769,5.055533552702473
83,2018-06-08,0.17032702738613759,-0.899641912866597,4.358036497837685
84,2018-06-11,0.1299121342402093,-1.200518699115921,4.2502105890755395
85,2018-06-12,0.1299484436105724,-1.09734446072663,4.287400344615228
86,2018-06-13,0.1516845873320644,-0.9178587756302191,4.497298165626598
87,2018-06-14,0.22190822070621657,-0.7049925933140747,3.873748901649629
88,2018-06-15,0.21639298870447873,-0.7204875693138576,3.521321021791512
89,2018-06-18,0.213687216072174,-0.49027975080631697,5.492579092877734
90,2018-06-19,0.13663430840492696,-0.9728801134663313,4.630382626912601
91,2018-06-20,0.09335848364930815,-1.5101166307496436,4.358183908746041
92,2018-06-21,0.03687639704358267,-4.881987999052885,3.4847469567223985
93,2018-06-22,0.03270731797578391,-5.238247186430681,3.618714371719548
94,2018-06-25,0.02981250598369982,-8.150014530692543,2.7498495573050694
95,2018-06-26,0.03869728995368364,-6.00878009086246,2.8668947896409107
96,2018-06-27,-0.024457740846040393,10.156552836002787,2.9291591671593045
97,2018-06-28,-0.024625047305389468,11.696557140918145,2.5662877133234776
98,2018-06-29,-0.020202707317519625,13.935795831955136,2.624904180845218
99,2018-07-02,-0.02229600555537348,10.646101807515906,2.8752294804658094
100,2018-07-03,-0.007894777847008299,29.43060483093011,2.643231235700377
101,2018-07-05,0.002590675024092496,-78.77308105793298,2.5585905563532325
102,2018-07-06,0.026736156491036007,-5.1702040888380365,3.6589941387398905
103,2018-07-09,0.00639797447965954,-25.341802115912003,3.133264173753965
104,2018-07-10,0.028769964257533802,-4.117760641587674,4.047633659950132
105,2018-07-11,0.023588927396479744,-6.453056674030142,2.9398983670757293
106,2018-07-12,0.01956052585449367,-8.268269267065394,2.492033890258557
107,2018-07-13,0.024421238076803253,-6.177866126228808,2.7061225358592496
108,2018-07-16,0.023129454693770393,-6.508326346215817,2.5941794661162025
109,2018-07-17,-0.0059559437528514765,30.711967337859395,1.9512153019517156
110,2018-07-18,0.00360794137619909,-33.19949648616786,2.7789212744325305
111,2018-07-19,0.05695489292747268,-1.5866911021054084,2.872751637855667
112,2018-07-20,0.048730712904588996,-2.1523341647238357,2.143369666211728
113,2018-07-23,0.05653941041566512,-1.5441217244528527,2.232579500290973
114,2018-07-24,0.13935552091051134,-0.6223002448264824,2.1447257053151794
115,2018-07-25,0.14248983676965904,-0.41749576461846194,2.079264149360814
116,2018-07-26,0.17956673411510998,-0.41316155219615985,1.4943049916313633
117,2018-07-27,0.14779893159664909,-0.9347181132393961,1.2807113620184645
118,2018-07-30,0.13590951502949017,-0.8956992325125317,1.3384465756205515
119,2018-07-31,0.15906469462968725,-0.3053768170343731,2.3314184150843027
120,2018-08-01,0.13797987182794308,-1.0103767421744332,0.7218283498031902
121,2018-08-02,0.06510433774725885,-3.016141791953986,0.4261092277855463
122,2018-08-03,0.036995587676594936,-5.5695592608538815,0.956774671473474
123,2018-08-06,0.021451926717951337,-11.90238580231364,0.6474936669789133
124,2018-08-07,-0.008668784936446523,26.54173362879172,0.4805658806079226
125,2018-08-08,0.14693805290463793,0.1531048710523435,2.1216850181783693
126,2018-08-09,0.18211976080901,0.39627391587163974,1.5831864052450668
127,2018-08-10,0.18252258202329794,0.4832270008506403,1.522106226771516
128,2018-08-13,0.18312348145601587,0.4503363156929899,1.5120644328547075
129,2018-08-14,0.18391328017020941,0.08717373490489583,10.290270057601381
130,2018-08-15,0.2200174215589913,0.3173338545399499,2.235485661224195
131,2018-08-16,0.18959988810044548,0.37000134093453996,2.951472657451401
132,2018-08-17,0.1939461581917174,0.3445620078634163,2.6376886547365928
133,2018-08-20,0.213978876664646,0.45867640147182487,2.132630576880918
134,2018-08-21,0.23124076154682896,0.52932701265079,1.7387649364183886
135,2018-08-22,0.25156663509182664,0.5726188666078871,1.483495475812589
136,2018-08-23,0.32074994337888474,0.5533776651869021,1.347169426486016
137,2018-08-24,0.4058632765386686,0.46496287247793094,0.7609023828686954
138,2018-08-27,0.4397096993818951,0.6455709686891092,0.8699660930435802
139,2018-08-28,0.39789504924761904,0.7434635588306977,0.9862163777051969
140,2018-08-29,0.4882481489882731,0.783264495387428,0.9918918535816479
141,2018-08-30,0.5409138533559994,0.7102224059675807,0.9651675073295919
142,2018-08-31,0.5838780407468207,0.7037111815128126,0.8254856046725383
143,2018-09-04,0.594836248316382,0.6540813533702926,0.7488651325834679
144,2018-09-05,0.5723278235237844,0.6523440199686023,0.7079893652305487
145,2018-09-06,0.40687654094657205,0.9792593875620517,0.6146191231658211
146,2018-09-07,0.3419351599254778,1.1483008058155688,0.5820390880274304
147,2018-09-10,0.30585760080160596,1.1928766458566205,0.565832981975028
148,2018-09-11,0.3298658647552856,1.187965272948858,0.5888116647818813
149,2018-09-12,0.30955832890262963,1.2123414876812961,0.7542777717785539
150,2018-09-13,0.2716584229836234,1.3611444219654016,0.7320717467006125
151,2018-09-14,0.3965193615497059,1.3175804398230282,0.7884147995223207
152,2018-09-17,0.48120413591625755,1.248332263175894,0.741808518937193
153,2018-09-18,0.5475371444581382,1.3134293531651282,0.8067419917281383
154,2018-09-19,0.395895719126751,1.5032588654914583,0.8107223767383649
155,2018-09-20,0.3992675965731607,1.601801487572426,0.9330148841849597
156,2018-09-21,0.33253257880851833,1.8760126394121597,1.1149454162313268
157,2018-09-24,0.2848916182628941,2.1349658330498453,1.4413322923322833
158,2018-09-25,0.21036130250470456,2.7788760323169774,1.410991323701836
159,2018-09-26,0.23642877086553143,2.635360769741732,1.3429452303295304
160,2018-09-27,0.1661844595823676,3.6539688374116865,1.431523123325923
161,2018-09-28,0.16607646129614334,3.6269880247423134,1.3542186101393339
162,2018-10-01,0.10075838909515285,5.543438379081809,1.427428782041283
163,2018-10-02,0.017747906123405308,22.92209580257995,1.7644348063244424
164,2018-10-03,0.04191613257495315,9.689307128295361,1.5525383477113721
165,2018-10-04,0.016783610752821216,21.868449203318384,1.6498802003594366
166,2018-10-05,0.020575397716454804,18.910788311117805,1.4851416487844002
167,2018-10-08,0.05542980493933033,6.627044992831496,1.4869920958079756
168,2018-10-09,0.047142038538842704,8.210898252496861,1.4720657583284638
169,2018-10-10,-0.010264019727445547,-30.328707606232026,1.5445856759043202
170,2018-10-11,-0.02603345237725036,-11.060127293190927,1.249601220900403
171,2018-10-12,-0.11409920030595638,-3.0990264503473846,1.052644219091717
172,2018-10-15,-0.17990317592967317,-1.9026134737078555,1.0450630788893125
173,2018-10-16,-0.2542053394642386,-1.4428739156938528,1.1715272172902842
174,2018-10-17,-0.16047757933334028,-2.069521275031358,1.2952471750433288
175,2018-10-18,-0.2548730916912675,-1.0998588843845003,1.3722469088977003
176,2018-10-19,-0.26248382903846834,-1.0743360241777273,1.321207302364432
177,2018-10-22,-0.26596360837737587,-0.9583726555067689,1.4300871130080284
178,2018-10-23,-0.21496253761642176,-1.284960822205703,1.34212042992628
179,2018-10-24,-0.309718747063622,-0.8360358292695779,1.2015392193789851
180,2018-10-25,-0.25011891106751877,-1.4807908235171823,1.3082681070118893
181,2018-10-26,-0.2795462998252038,-1.372123797516789,1.3214746462861506
182,2018-10-29,-0.2631581693186051,-1.2377648799969732,1.342660149679781
183,2018-10-30,-0.11003236501119394,-3.847720256429445,1.0054549196676903
184,2018-10-31,-0.046135548117662045,-11.26149365862161,0.9841024894859953
185,2018-11-01,-0.010456700368058293,-50.223981217355785,1.1796779740340821
186,2018-11-02,0.02359582059668209,23.218262417361395,1.0638976714642836
187,2018-11-05,0.0034952849286420014,155.8944818797437,1.1138835425734956
188,2018-11-06,-0.01453815844602757,-38.950095176033116,1.211801407028078
189,2018-11-07,0.06352474288384065,7.204001412174136,1.655060302359732
190,2018-11-08,-0.033719669716571296,-10.680194953504976,1.7628603596374177
191,2018-11-09,-0.0661705476122323,-5.568847901147984,1.8334720369123485
192,2018-11-12,-0.038409448114871333,-11.25176435964867,1.5727089251451922
193,2018-11-13,-0.14853268752303503,-2.6968819422448567,1.560866343982582
194,2018-11-14,-0.12555166221487893,-3.442765659160341,1.3419577350862957
195,2018-11-15,-0.014621268554182026,-30.572867830485105,1.4522301879030846
196,2018-11-16,0.029120831699388915,16.494331535660155,1.3387980763231728
197,2018-11-19,-0.0015637219761828053,-279.11410600107655,1.3242449493451975
198,2018-11-20,-0.07168673495941301,-5.119371628428386,1.3421351138872788
199,2018-11-21,0.027421072903075,14.483261929132455,1.214490344873352
200,2018-11-23,0.0038328908557074895,107.68900608732615,1.1711544942555647
201,2018-11-26,0.06725222700916722,6.824728037206288,1.2309706841127979
202,2018-11-27,0.061605311646825284,7.205700480046046,1.2907151005211235
203,2018-11-28,0.05581477910639643,8.835044311947742,1.3149721172211044
204,2018-11-29,-0.027868899008792268,-17.304316584942534,1.3577187784127807
205,2018-11-30,-0.024114643697030813,-19.329939267635226,1.377433201647864
206,2018-12-03,-0.007573185937119614,-67.1784001088916,1.410567312925816
207,2018-12-04,-0.08062440741654019,-5.390807302612464,1.398083214823213
208,2018-12-06,-0.0715364503252158,-6.327227343057785,1.2768727811866598
209,2018-12-07,-0.15773015365663257,-2.3685382339193817,1.3207902076899585
210,2018-12-10,-0.031673273104925306,-11.337362439959472,1.4442922853271924
211,2018-12-11,-0.043997669613697346,-8.303122490401611,1.4500929296422302
212,2018-12-12,-0.052562330090855654,-7.601078032456834,1.2951739934789568
213,2018-12-13,0.01861648260776491,22.451761969969045,1.119500492097869
214,2018-12-14,-0.005797117684326086,-60.87253795393039,1.0815533186036486
215,2018-12-17,-0.1593320385692561,-1.744983740346525,1.0918358996304958
216,2018-12-18,-0.1637637060433174,-1.6703796471515928,1.1931416040719773
217,2018-12-19,-0.09343400664609702,-3.3019686346449535,1.1394331667218915
218,2018-12-20,-0.13506613113484764,-1.5686037239415533,1.2374623181386062
219,2018-12-21,-0.275819537141961,-0.17119553033360876,3.5964576824995538
220,2018-12-24,-0.34461547897804257,-0.009416292480383994,26.753480585636225
221,2018-12-26,-0.2835025949480631,-0.399052550938916,1.6655218352919277
222,2018-12-27,-0.2909235663759518,-0.26028502081252236,2.426224849233596
223,2018-12-28,-0.31863231849288176,-0.1939282429032451,3.4805923757933024
224,2018-12-31,-0.22133359606897007,-0.6679578394773951,2.810175884690387
225,2019-01-02,-0.20835749766368494,-1.054020613500111,1.8948408843614875
226,2019-01-03,-0.30651764848795826,-0.42820907886430404,2.8984265136885154
227,2019-01-04,-0.12385285702345918,-1.6425399027770164,2.509620486941115
228,2019-01-07,0.018553407895747942,17.551959845083868,1.819456698830715
229,2019-01-08,0.056663464562144494,4.63697190352492,2.2429116163730414
230,2019-01-09,0.12677086034210286,3.878172471517902,1.274636982539129
231,2019-01-10,0.1350362838039429,3.256381838237604,1.530487051437189
232,2019-01-11,0.11176851195315665,3.717065911421423,1.5306498849288213
233,2019-01-14,0.09041376193902376,4.717924251796205,1.5191736773660007
234,2019-01-15,0.17202509738518684,3.6898472796111803,1.13217559505351
235,2019-01-16,0.2623642644674912,2.5837349069051654,1.0101948435008634
236,2019-01-17,0.24217831706695478,3.093406889937206,0.861531685628929
237,2019-01-18,0.24959473740137952,3.0203179831864913,0.8268845159594784
238,2019-01-22,0.33092080404438573,2.188358801479018,0.8377850624897122
239,2019-01-23,0.4117347211217599,1.6666720160149835,0.7941495686010798
240,2019-01-24,0.44360532412769144,1.4512814389625808,1.0885423384927173
241,2019-01-25,0.372544429488075,1.8916079457405437,1.110996871581065
242,2019-01-28,0.33404314347853503,2.0579408510663333,1.0062209797997412
243,2019-01-29,0.30858198263938047,2.1905989816895812,1.0084172919645193
244,2019-01-30,0.23572233352106997,2.826911425525743,1.0380473563769026
245,2019-01-31,0.21906806060186745,3.1900825695657113,0.9224183184274833
246,2019-02-01,0.2296948148014319,2.8959453112006046,0.9213619486612356
247,2019-02-04,0.15586154423088813,4.730689548734155,0.8562753245128928
248,2019-02-05,-0.02305792001685213,-30.884724045625905,0.886277433311182
249,2019-02-06,0.02865957841171779,27.818598533209837,0.848134211806335
250,2019-02-07,-0.06288621343249105,-12.025332809916444,1.0586842962525878
251,2019-02-08,-0.0255877499484067,-30.46651967265776,0.964255177540558
252,2019-02-11,0.030750151671603013,27.854062276247777,0.9701098647087515
253,2019-02-12,0.06385147198653314,13.259064903229216,0.9517818648445434
254,2019-02-13,0.0902113797203009,10.104155918022052,0.8779764853172916
255,2019-02-14,0.10857213609620753,8.86215953960468,0.8216650585816445
256,2019-02-15,0.11467448471961385,8.35630411638366,0.810018228594664
257,2019-02-19,0.09992407822736583,9.81776553398178,0.7682692616211755
258,2019-02-20,0.2418407131035401,4.395481718410192,0.825585981854488
259,2019-02-21,0.2580815490274203,4.246461736377648,0.7492933277220818
260,2019-02-22,0.28664197872722985,3.874698047677885,0.7691517066759734
261,2019-02-25,0.26615376737465923,4.129682313685289,0.694076329154999
262,2019-02-26,0.33841195439698046,3.249390967508079,0.7464266480460171
263,2019-02-27,0.3865279070884139,2.9352196234427614,0.7222477376049289
264,2019-02-28,0.36265706531806824,3.0610449840869194,0.7236937055743845
265,2019-03-01,0.3673422769103593,3.0667427898606516,0.7106084934846606
266,2019-03-04,0.41929927176999887,2.617775513683445,0.7098718742696043
267,2019-03-05,0.38349167797186945,2.801738680877433,0.6932773526503114
268,2019-03-06,0.36893947878785527,2.7299548879517848,0.765521630330159
269,2019-03-07,0.41065612198479806,2.504854315076157,0.8385249173411055
270,2019-03-08,0.4528766644529353,2.3072478292711764,0.8684600163092168
271,2019-03-11,0.48190160920497216,2.2815901574929867,0.8774909559539763
272,2019-03-12,0.44922840249345697,2.4193134870449264,0.9001856696537088
273,2019-03-13,0.4712914165301207,2.2878188243684137,0.9599436504218715
274,2019-03-14,0.4039730903847649,2.8076667786727345,0.9163939672047925
275,2019-03-15,0.42082133401538935,2.8234619091908555,0.883361966270766
276,2019-03-18,0.4096077197092185,2.829799632137417,0.8136467531986945
277,2019-03-19,0.4020269411051504,2.9428923484416414,0.8349749690087862
278,2019-03-20,0.28874764258992064,4.207648992528058,0.8268145619755067
279,2019-03-21,0.3231248715003703,3.9011552193497896,0.8571779195975514
280,2019-03-22,0.203174426486572,5.684508334992756,0.8405840840156994
281,2019-03-25,0.2299597400859186,5.239760322935216,0.8258252869488684
282,2019-03-26,0.17925710939693817,6.730743269379483,0.7371329773421573
283,2019-03-27,0.09218591935459328,12.602908115289761,0.7042636008411376
284,2019-03-28,0.13247457823263376,10.91484796251556,0.5594038896211689
285,2019-03-29,0.1414927305293159,11.350603267358713,0.4877540678813491
286,2019-04-01,0.1466927333047001,11.014956863726292,0.4668244879826814
287,2019-04-02,0.14864373238087236,10.513601682746176,0.4891783692439692
288,2019-04-03,0.22750448668174256,6.840207990312153,0.5024687365525009
289,2019-04-04,0.15076366707657887,10.287365734393616,0.47657051380028453
290,2019-04-05,0.17759185931755575,8.795271812066488,0.4876783621261435
291,2019-04-08,0.08845542056186348,18.044075596025877,0.509219524906639
292,2019-04-09,0.09981155175659163,15.795734847301768,0.5346550034101893
293,2019-04-10,0.11954519354982665,13.679120975821142,0.5607945916072511
294,2019-04-11,0.108257335322142,14.19182981195394,0.5814958665164459
295,2019-04-12,0.07381366256307016,20.897044384642758,0.570054316018456
296,2019-04-15,0.03493442164938195,42.52781639788037,0.5788710107423627
297,2019-04-16,0.0024281679271548427,616.2781616008567,0.5601193378878907
298,2019-04-17,-0.10385299533855474,-13.116789782561469,0.5652690423568918
299,2019-04-18,-0.11992124232193538,-11.415265447709526,0.5573345052964275
300,2019-04-22,-0.03280389086309436,-41.82181346041669,0.55111022159701
301,2019-04-23,-0.027547735303555775,-51.557705544981175,0.5578218749503046
302,2019-04-24,0.001703620550530918,842.9231107452786,0.5744041688485522
303,2019-04-25,0.035137518239521055,40.011565305426885,0.5732041722096763
304,2019-04-26,0.03717586903118886,39.304448416176754,0.5783441753911053
305,2019-04-29,0.05199757237169428,28.075779949475535,0.6508064987061314
306,2019-04-30,0.0008471410746536054,1699.0408072866169,0.6090726870344435
307,2019-05-01,0.011550930568267954,125.29190080957656,0.6319560046450998
308,2019-05-02,0.0012425348718629985,1189.6114816363638,0.6673031459513733
309,2019-05-03,0.04883055270717077,30.810246293956787,0.6594978658295331
310,2019-05-06,0.005209428836043186,294.3271901249608,0.6596338348403373
311,2019-05-07,-0.02932272795217005,-50.044981105991944,0.6204211596406647
312,2019-05-08,-0.2781883827529694,-4.262459760546083,0.6323692649780894
313,2019-05-09,-0.29955283567440977,-4.159894422219243,0.633643138055052
314,2019-05-10,-0.2825903992548343,-4.252708151838464,0.6767871820215929
315,2019-05-13,-0.3625946224352376,-2.808530937853769,0.7085769626255933
316,2019-05-14,-0.29771220689155753,-3.32114635611744,0.7592296874005348
317,2019-05-15,-0.26450884214014725,-3.7784444576296505,0.8066602834078521
318,2019-05-16,-0.20917428675799077,-4.624219566930945,0.7994485487252444
319,2019-05-17,-0.2353677554105831,-4.352444612585114,0.7525040885927792
320,2019-05-20,-0.24881024496992615,-4.0174168745273,0.7798255488567466
321,2019-05-21,-0.24908001805256874,-4.000780257028824,0.7678456868269146
322,2019-05-22,-0.2655181689699213,-3.434269863038507,0.7289475470815582
323,2019-05-23,-0.27439135915025437,-3.1302427588764843,0.7559142543153442
324,2019-05-24,-0.31317198266521934,-2.6004193879815047,0.7569206570954206
325,2019-05-28,-0.33598599085298536,-2.4194978578340813,0.7606063695908035
326,2019-05-29,-0.30734921528268205,-2.833872035355687,0.742226032142927
327,2019-05-30,-0.27318402092850114,-3.2561989730414944,0.7127303321553878
328,2019-05-31,-0.3253586671115894,-2.615961274735745,0.7106999672049533
329,2019-06-03,-0.3317178056498353,-2.6408942391268075,0.70050823292004
330,2019-06-04,-0.30190477295448576,-2.990571174832431,0.7323659591971897
331,2019-06-05,-0.24850433419220821,-3.5459378995454975,0.8131408502667078
332,2019-06-06,-0.04235417391244771,-20.603046860843055,0.8044097904906439
333,2019-06-07,-0.02865520439930632,-31.327690549302993,0.8603188037383223
334,2019-06-10,0.011111174637870536,84.91714921795858,0.9505714215145844
335,2019-06-11,0.05559951209539806,16.252493334250396,0.9915090623702183
336,2019-06-12,0.02547908530098476,34.70739831135828,1.015896795898373
337,2019-06-13,0.036198418614040134,25.019931208560017,1.0366670344175273
338,2019-06-14,0.04902425552923513,17.636320808720793,1.0100386981845273
339,2019-06-17,0.12825439092534266,7.257227472032311,1.0502963161576815
340,2019-06-18,0.1769610792624584,5.425727347827731,1.036548030477991
341,2019-06-19,0.14573936835703843,6.3714189336619205,1.0311422772958725
342,2019-06-20,0.1793574474784146,5.322244480374514,1.0203914281180315
343,2019-06-21,0.20190879085201335,4.79157875295363,0.9937088517586191
344,2019-06-24,0.16369442020811775,5.749716560058437,0.9369149787118292
345,2019-06-25,0.15859752400321298,5.919434096206127,1.0582507269962267
346,2019-06-26,0.14994737710192757,6.6098069639631865,0.9773558061909485
347,2019-06-27,0.18613392852256677,5.571139959268049,1.0438999165789609
348,2019-06-28,0.2976607151950888,3.941548446645819,0.9860460044064309
349,2019-07-01,0.29175372418277407,4.0870443617631205,0.9569835236180323
350,2019-07-02,0.22206188544346914,5.156816092127266,0.9270910040353307
351,2019-07-03,0.2655418953498011,4.402389446601957,0.9324031534766672
352,2019-07-05,0.26874704431237695,4.276388806323008,0.8950914314302422
353,2019-07-08,0.22736296685691823,4.936923912449223,0.8605309716527729
354,2019-07-09,0.18808097328692036,5.874459665950534,0.9020288399399595
355,2019-07-10,0.1954093536716338,5.591554643520712,0.8686432399778183
356,2019-07-11,0.1877227372735966,5.5574809440686295,0.9206438159508818
357,2019-07-12,0.13872357145840414,7.35863831151403,0.9762507663928632
358,2019-07-15,0.16589340893953133,6.093915288556302,0.9589493785326866
359,2019-07-16,0.09300378296892103,10.745303064266093,1.0219662948900547
360,2019-07-17,0.09997128594190904,10.37282244329774,1.0561443109356852
361,2019-07-18,0.1508605173719217,7.194612950841896,1.0780674641867416
362,2019-07-19,0.1163389971781478,9.174182918421083,1.067618834683745
363,2019-07-22,0.12748068749808217,8.14231306108457,1.0690907135034773
364,2019-07-23,0.17556055684816566,6.083521160889478,1.0693021377794858
365,2019-07-24,0.19107628119803538,5.617361062351968,1.0412161555797448
366,2019-07-25,0.18083383026118388,5.710223165961755,0.9538756744440435
367,2019-07-26,0.1745575890414471,6.12431647979262,1.0128287292659457
368,2019-07-29,0.09182248008603978,11.821722464460521,0.992617428243089
369,2019-07-30,0.13321604237366408,8.841484127849023,0.9969623554601086
370,2019-07-31,0.1519218155644789,7.643040602981583,1.0061589238134738
371,2019-08-01,0.11287240369974655,9.947750822916392,1.0317925464516835
372,2019-08-02,0.08348206768948901,13.113822862693988,1.0266637339863203
373,2019-08-05,0.022070476896808064,48.90876676919393,0.9561382484796156
374,2019-08-06,0.03596623791106442,30.69113718456562,0.8809520070294495
375,2019-08-07,0.1361478076115562,8.867847238849933,0.8431498499069618
376,2019-08-08,0.17782260137878944,6.915639024209752,0.912808419921961
377,2019-08-09,0.1450146756142939,7.026138603126952,1.0578124408139646
378,2019-08-12,0.08968763097985596,10.241192025514401,1.112147886558822
379,2019-08-13,0.1540238004259592,6.303279427218442,1.049840843674475
380,2019-08-14,0.038087842157672205,23.41820141747142,1.1398013608835482
381,2019-08-15,-0.008510730023032605,-104.92155425502614,1.1460449436793423
382,2019-08-16,0.03847411231047111,23.022543685001697,1.204529121706438
383,2019-08-19,0.05135456702014869,17.52020118129648,1.2379786905452257
384,2019-08-20,0.05137506464794076,18.01370519728726,1.189204065740331
385,2019-08-21,0.05598045122196354,16.351172891922797,1.2097567065242347
386,2019-08-22,0.010286040083002643,78.90760669155878,1.3738994805755653
387,2019-08-23,-0.06687952883954446,-11.22316153136859,1.4770356860383422
388,2019-08-26,-0.03114783699252928,-23.552264492078656,1.6268792095830287
389,2019-08-27,-0.12693066682207696,-5.081778871965068,1.6572478775541564
390,2019-08-28,-0.1178759741547617,-5.120287960538168,1.8637718148200475
391,2019-08-29,-0.11658757825160992,-5.2179136783903095,1.84930312890495
392,2019-08-30,-0.06811308365278389,-7.9046166518453544,1.9831912853062739
393,2019-09-03,-0.06861054285802043,-6.8490262755866995,2.0850572238756255
394,2019-09-04,-0.06896419724072404,-6.539661473610791,2.1192111682155783
395,2019-09-05,-0.23214252451014,-1.6384726916350671,2.2809761916808364
396,2019-09-06,-0.2461330695389089,-1.671031158833942,2.244835504204397
397,2019-09-09,-0.2414749373250295,-1.5344935428357354,2.623467222826677
398,2019-09-10,-0.1989716876314715,-1.8977644916024947,2.529435517787337
399,2019-09-11,-0.21160023078364698,-2.142706646692062,2.2200339173752557
400,2019-09-12,-0.10604521270614413,-4.300408006229354,2.280699580007821
401,2019-09-13,-0.12513600996164254,-3.662132771675338,2.2084666574835965
402,2019-09-16,-0.1442016142980862,-3.2587145186627042,2.0849845608889344
403,2019-09-17,-0.18162331400985515,-1.7706959702010903,3.1553106074499704
404,2019-09-18,-0.18496479863456194,-1.4018144880693575,3.850036947126806
405,2019-09-19,-0.22408926297309065,-0.6413499119063389,6.505105978949768
406,2019-09-20,-0.1212684775020907,-2.4283524846699147,3.063226736012002
407,2019-09-23,-0.13496103312129068,-1.603211835368255,4.211726599973346
408,2019-09-24,-0.2016500874218703,-0.9889379743069954,4.422129478509704
409,2019-09-25,-0.19645610949995307,-0.8331929890837052,4.983763662531743
410,2019-09-26,-0.21688701369990487,-0.81291457745219,4.462553430816499
411,2019-09-27,-0.24901293129262692,-0.4935575694536514,6.586312373437513
412,2019-09-30,-0.23027942108962918,-0.6163986947104889,5.5539786171201735
413,2019-10-01,-0.21797387582886615,-0.39392369092548324,8.968562501284957
414,2019-10-02,-0.2312407073462886,-0.5146300090407807,6.75308258229751
415,2019-10-03,-0.10462846519549315,-2.465703909315327,3.1764168364229755
416,2019-10-04,-0.0991781671105784,-2.72440736308593,3.063018246838363
417,2019-10-07,-0.04888763970397698,-6.236146467106341,2.811787792999405
418,2019-10-08,-0.09153353652398956,-2.9004939551440136,3.157765074697888
419,2019-10-09,-0.11766545084820537,-2.382194290112935,3.1757878949613927
420,2019-10-10,-0.16601690167736832,-1.4629759926467516,3.577560520487523
421,2019-10-11,-0.186574128609004,-1.5112201044044293,3.1940349860446564
422,2019-10-14,-0.1899689426689471,-1.610665404235531,2.7492711112825092
423,2019-10-15,-0.1471179755093322,-1.9615610805501857,3.142622929315642
424,2019-10-16,-0.16243645357378841,-1.7037619990818558,3.1175883354025733
425,2019-10-17,-0.14645405797157834,-1.7170634534989133,3.382455408374769
426,2019-10-18,-0.21749865398746113,-1.0917839243911294,3.468549776154101
427,2019-10-21,-0.16727082034522214,-1.8172529813165823,2.7713753312922202
428,2019-10-22,-0.18930330520867786,-1.4400168687129016,2.939136502844637
429,2019-10-23,-0.18915721040151431,-1.2713882307917421,3.2171596081310634
430,2019-10-24,-0.1421816476477013,-1.7519244514780576,3.2220167660579406
431,2019-10-25,-0.11334990569130568,-2.816685700410982,2.5991211651489037
432,2019-10-28,-0.08329136234015881,-3.7071249002349456,2.8518106576234206
433,2019-10-29,-0.07044365300673149,-4.1872859785128576,2.69183823623338
434,2019-10-30,-0.09726335962574793,-2.929142259750348,2.851106668446413
435,2019-10-31,-0.17181747191611774,-1.1418961445844742,4.48691413017798
436,2019-11-01,-0.1516712530243064,-1.0856772166337498,5.8831122509716565
437,2019-11-04,-0.1798705240500692,-0.7530786862299153,6.364358097412204
438,2019-11-05,-0.1316099533651611,-0.8379814185705564,7.003304261712826
439,2019-11-06,-0.175361705858895,-0.5784898924754417,6.983049251853179
440,2019-11-07,-0.2110870888090984,-0.2194819750743483,12.441240817523473
441,2019-11-08,-0.06962828732862798,-2.1370846478082997,4.0461396331875426
442,2019-11-11,-0.012845694291095174,-25.44435293685369,2.0847825910203306
443,2019-11-12,-0.07323746990954025,-3.843851693113473,2.4622123508988136
444,2019-11-13,-0.04610158672795841,-5.836261555144803,2.645239990338643
445,2019-11-14,-0.04881760430494577,-7.193839164739973,2.6034069190931004
446,2019-11-15,0.0725476638505431,6.003788915421849,2.608516451437578
447,2019-11-18,0.028890898285388832,12.027509853334399,3.1742414361794893
448,2019-11-19,0.13855139445620634,2.7573198888386057,2.7364662026548823
449,2019-11-20,0.16393064745583819,2.4765754714369304,2.5003937534040723
450,2019-11-21,0.16173970751575575,2.9832992463746786,2.034844914858267
451,2019-11-22,0.1508347732052702,2.934898560846987,2.2121779634450403
452,2019-11-25,0.14857558357874912,3.0524138967178325,2.3300734636616798
453,2019-11-26,0.17256254617037425,2.319611344146005,2.664262628928317
454,2019-11-27,0.18837641687374398,2.185354881805119,2.6210682152622167
455,2019-11-29,0.21127947246831905,1.6644418788385589,3.0576734495706273
456,2019-12-02,0.1177166191585009,2.6355797865408745,3.210873564649539
457,2019-12-03,0.1539757563283006,2.036340430761789,3.1719775506108405
458,2019-12-04,0.08869913588964308,2.3287601978749826,4.529396264516106
459,2019-12-05,0.07234992887179564,3.51651086078868,3.572787130443102
460,2019-12-06,0.16361691836481587,1.7203794244976855,3.3139461151337715
461,2019-12-09,0.01830573649368558,17.745116901773617,2.6440065112334987
462,2019-12-10,-0.003942669145572064,-89.93424761982095,2.5477804745117183
463,2019-12-11,-0.030028750236814283,-9.839999658919018,2.7197334904594768
464,2019-12-12,-0.020343508905343925,-14.809625067086046,2.757561785493862
465,2019-12-13,-0.01331417680206087,-23.97860108921305,2.7247467111215204
466,2019-12-16,-0.11000084179552364,-3.0123145472867447,2.5100326428313853
467,2019-12-17,-0.05632118951154037,-7.998702029626065,1.9407716347587696
468,2019-12-18,-0.12210939115989806,-3.469715362752398,1.9675197240846445
469,2019-12-19,-0.12419032119950839,-3.0214134429179507,2.2434312654053494
470,2019-12-20,-0.18354559812324162,-2.3647447009913383,1.9189752988615298
471,2019-12-23,-0.165800631700836,-3.333543778314615,1.5242967033763373
472,2019-12-24,-0.19297613226337476,-3.135898287760724,1.374996429033311
473,2019-12-26,-0.22512668274099526,-2.037314929951069,1.6308001942493964
474,2019-12-27,-0.22301980834605764,-2.150360920038718,1.5095068280967263
475,2019-12-30,-0.25375818713381654,-1.641470323298765,1.5966145005110122
476,2019-12-31,-0.15423930401639818,-2.4464959593342646,1.620866257385799
477,2020-01-02,-0.15336394841689505,-2.4030458984625014,1.5397069051717849
478,2020-01-03,-0.0985757587758771,-4.204896945304779,1.4934569745199724
479,2020-01-06,-0.06044135780777057,-5.258498839180372,1.9851687120170503
480,2020-01-07,-0.11425624928307657,-1.3012288046264753,3.7993156359055003
481,2020-01-08,-0.049785393007834994,-4.386599427851567,2.5779922399193094
482,2020-01-09,-0.06830784734341565,-2.33505053575315,3.819139645620549
483,2020-01-10,-0.0005979671507913165,-267.320104326379,3.916642357569363
484,2020-01-13,0.07628650912607429,3.4842036902058067,2.7666737570889297
485,2020-01-14,0.059938742887252545,4.817924123956171,2.64025500704995
486,2020-01-15,0.15491706126724664,2.0284989740051507,2.715824551846726
487,2020-01-16,0.16025681316525528,2.173941654483175,2.685149856584886
488,2020-01-17,0.13389528243654905,2.3555855745918346,2.6500071523215114
489,2020-01-21,0.10151600416063605,2.2375937133253503,3.197078847483631
490,2020-01-22,0.1381898454340462,1.746202994756589,3.1066043104117576
491,2020-01-23,0.10957358237713036,2.286523084004022,2.9520566059016047
492,2020-01-24,0.07877200309908829,3.0508326849642105,3.2913059910216753
493,2020-01-27,0.11916057405992761,1.72263433664902,3.709799608113857
494,2020-01-28,0.14750260322126055,1.9866262262846328,2.7792297810847346
495,2020-01-29,0.2592706039990122,1.4163779046670664,2.373416560988355
496,2020-01-30,0.19280578334109033,1.734539691037342,2.4294077223619714
497,2020-01-31,0.13161824874656208,2.1356521457840074,2.704559952578621
498,2020-02-03,0.1548593350440141,2.1933803803550402,2.152267954168615
499,2020-02-04,0.18491425738305606,1.8759155077168213,2.156235766604949
500,2020-02-05,0.21627591653872164,1.794038677264503,2.0625060103440935
501,2020-02-06,0.3095807577594189,1.6128578515182095,1.8748200123656
502,2020-02-07,0.3286732973749813,1.676624753954857,1.7282717946641406
503,2020-02-10,0.3685066468674507,1.5032104377438527,1.809639854135943
504,2020-02-11,0.29229609885311564,1.8041420527357086,1.8748930025652264
505,2020-02-12,0.34669118771720514,1.6487873107205748,1.68781681868485
506,2020-02-13,0.29315735193526893,1.7642234405421675,1.8410165181973754
507,2020-02-14,0.28866878933647416,1.830768113205812,1.9575046817049326
508,2020-02-18,0.32799456376332,1.6119836523835338,1.9850891093406098
509,2020-02-19,0.382992252256106,1.3321933896440987,1.938108885487628
510,2020-02-20,0.23933181151073443,0.9977721676099266,3.5888001766593534
511,2020-02-21,0.22206188544346891,0.966049898612544,3.8334325054495184
512,2020-02-24,0.18594803402312804,0.7508885896224747,5.601042327099005
513,2020-02-25,0.15194555996525366,0.5993060215899535,7.529022823961201
514,2020-02-26,0.10188596986643138,0.5546058554297636,12.377890366523582
515,2020-02-27,0.01093450258401208,-0.7653068446617737,-76.22357736170962
516,2020-02-28,0.04106736524493862,0.3126468843802981,51.05995356536952
517,2020-03-02,0.07487366897520573,-0.15196013139135545,-59.36072778805917
518,2020-03-03,0.03498137936223569,-1.2764638222242206,-14.7440163963203
519,2020-03-04,0.07673090359102765,0.5229020741867609,17.721924661203566
520,2020-03-05,0.02271109416041281,1.8395844034972832,15.470821749027937
521,2020-03-06,-0.17351573094245282,0.4890743717303659,-6.972003440338534
522,2020-03-09,-0.3214486420123875,0.694554248929941,-2.0110325798093958
523,2020-03-10,-0.30310868648974365,0.7623247635082023,-2.3754521326476814
524,2020-03-11,-0.4403896610504012,0.8226223542311927,-1.1978282225738819
525,2020-03-12,-0.7743547107297748,0.8704358440305742,-0.20885326943865148
526,2020-03-13,-0.7637740393385519,0.8517598454056391,-0.26251189225560206
527,2020-03-16,-1.00276436686023,0.8926325223176179,0.04848543331571603
528,2020-03-17,-1.0277862360994974,0.8841061001167262,0.04098990123099108
529,2020-03-18,-1.2807884014940967,0.9155264011532839,0.21926989107702363
530,2020-03-19,-0.8891641073847354,1.0561752569925003,0.0353016119901537
531,2020-03-20,-0.8223589120399519,1.1320615706742903,0.045583496728933644
532,2020-03-23,-0.785024345880485,1.0809505715451373,0.03682954955355852
533,2020-03-24,-0.5538377633518436,1.2507915859768575,-0.20383434448862472
534,2020-03-25,-0.34878873814354217,1.3519338226808144,-0.698837165707215
535,2020-03-26,-0.21355056174779763,1.4708682019008845,-1.2281587890480534
536,2020-03-27,-0.3690886528162757,1.324136202850558,-0.4788510425446555
537,2020-03-30,-0.3481823238930791,1.4390531414555228,-0.49735768716586515
538,2020-03-31,-0.3546978627836114,1.5394596883399536,-0.3149704486564814
539,2020-04-01,-0.5769107706351848,1.188107050973267,-0.04555586093429279
540,2020-04-02,-0.46007311094333314,1.4036869524869153,-0.2505760382127246
541,2020-04-03,-0.38949027382356377,1.6049593019602089,-0.21252442918465195
542,2020-04-06,-0.23112371863583858,2.734375778505068,-0.2369559390867684
543,2020-04-07,-0.33490483818120037,1.9540700577593968,-0.21141131406630426
544,2020-04-08,-0.15826005814059313,3.919788713197916,-0.3543556843191548
545,2020-04-09,0.11215555879065489,-6.075630475384623,-0.36408735402940806
546,2020-04-13,0.06259468708134212,-11.122584653357414,-0.31171125235432207
547,2020-04-14,0.3664056722715782,-1.6443743150504286,-0.5138243760464588
548,2020-04-15,0.32985699750249375,-1.8606532823176614,-0.4338585614963451
549,2020-04-16,0.5977715535878234,-0.9656736034584159,-0.5062815340707444
550,2020-04-17,0.41123664000086957,-1.031093664915799,-0.797997693422744
551,2020-04-20,0.41624424236299173,-0.9484706255533842,-0.9975724977182829
552,2020-04-21,0.4133702876152778,-0.9734573309547983,-0.9519913728259787
553,2020-04-22,0.30238828066872525,-1.1997806185548041,-1.1915156108742035
554,2020-04-23,0.06479463587837442,-6.303735968287074,-0.8562851494188264
555,2020-04-24,0.0061013610234256985,-56.24005638603248,-1.1315409096965423
556,2020-04-27,0.22866406941887785,-1.2998782345782178,-1.593048766740276
557,2020-04-28,0.1753676717385378,-2.1536624389578343,-1.1003128592924991
558,2020-04-29,0.24642563829465253,-1.2192910046009084,-1.5042876191855088
559,2020-04-30,0.3459428637904834,-1.0147335236389559,-1.1870625964535584
560,2020-05-01,0.19671029424605424,-2.289310101299203,-0.7899696842195019
561,2020-05-04,0.2503454169442012,-1.6920668208339606,-0.9586426220764096
562,2020-05-05,0.23112371863583844,-1.7569153467795446,-1.073518616726555
563,2020-05-06,0.24529267949151304,-1.5484037674189852,-1.345480780690576
564,2020-05-07,0.1751513569305231,-0.9534967521393313,-3.103462898812412
565,2020-05-08,0.25556922133466226,-0.4941662118140738,-4.459959159705424
566,2020-05-11,0.31551687144522483,-0.3109419625112445,-6.122288798822584
567,2020-05-12,0.20295516240984726,-0.18210077087100587,-15.652098566169379
568,2020-05-13,0.1723159767498778,-0.8340568539714928,-3.551400339368127
569,2020-05-14,0.11417682907965446,-1.739114149331992,-2.6716475489250304
570,2020-05-15,0.10954942793803707,-0.9612079366556525,-5.85087879710047
571,2020-05-18,0.10711330610812266,-0.48840220995053923,-12.281446107329806
572,2020-05-19,0.049914391381712706,-2.07703024431407,-5.723924964649704
573,2020-05-20,0.018083614606046322,-5.288542575656062,-6.915792369000824
574,2020-05-21,0.06924892064978905,-1.0640048455266042,-9.310440288385939
575,2020-05-22,0.06305469584247776,-0.09031576348408105,-128.56607358338508
576,2020-05-26,-0.06834764527443139,0.7668312385372095,-12.47864342738067
577,2020-05-27,0.01234226621431999,-2.378372825033756,-23.612972100911744
578,2020-05-28,-0.02021443420393623,0.6594190498968091,-51.91239358393568
579,2020-05-29,0.016182613144692205,-3.811077143551678,-10.21186770767236
580,2020-06-01,0.1249721965354408,-3.109316067023021e-15,-1625099887012393.2
581,2020-06-02,0.08113361819976199,-0.13249439810588037,-63.53267201569949
582,2020-06-03,0.051443196169112825,-1.0247582397323007,-12.710436008498698
583,2020-06-04,0.021219347226741105,-5.18811565924475,-5.710715111425278
584,2020-06-05,0.0729551722391753,-0.7086119082132369,-12.51413007365919
585,2020-06-08,0.016758611895207765,-4.826166879121808,-7.901223791780349
586,2020-06-09,-0.006745388139532439,17.191597516881732,-5.676166110714275
587,2020-06-10,0.006255237911093385,-13.796847847838789,-7.405108959767485
588,2020-06-11,-0.02069694384440028,9.17513967424671,-2.6944606163843834
589,2020-06-12,0.037811687743107614,-5.208793407671177,-2.7058147416143976
590,2020-06-15,0.03458895896555765,-3.461655965796286,-5.0224224969282245
591,2020-06-16,0.03329814137055497,-4.422788147068552,-4.243514816187347
592,2020-06-17,0.086647125264765,-2.2388238955565822,-3.178495929405651
593,2020-06-18,0.05519849963947465,-3.372860416485908,-3.2886942003521016
594,2020-06-19,0.11125702177731236,-1.2743610295784242,-4.713849593402161
595,2020-06-22,0.4349148220261517,0.5226568207514439,4.580266270105127
596,2020-06-23,0.5924111225868202,0.6352102088472504,3.0089155871644255
597,2020-06-24,0.4732110382293385,0.6028156163263582,3.790575669034379
598,2020-06-25,0.49007511441075957,0.6668323787564591,3.2638109552222367
599,2020-06-26,0.5056995112394489,0.5099716133917616,4.079325586651567
600,2020-06-29,0.47820764863067394,0.3775492381867433,5.981600501166609
601,2020-06-30,0.5440557657963101,0.44398443485008776,4.778578151413814
602,2020-07-01,0.5520168378866288,0.5022276392004448,4.212575250528176
603,2020-07-02,0.6433366684780925,0.41612169586972675,4.647954748476889
604,2020-07-06,0.627916439886013,0.48967103300404885,4.0964880027586466
605,2020-07-07,0.6438124283324713,0.5212226248505304,3.848937523030424
606,2020-07-08,0.6581364895986376,0.5380214042495495,3.6237976078744696
607,2020-07-09,0.6649763311280733,0.57635797517015,3.292737348005112
608,2020-07-10,0.7519062296830088,0.4977830040918689,3.325606527853034
609,2020-07-13,0.7075757038625068,0.5255958627815583,3.2878286339115923
610,2020-07-14,0.6445036058888075,0.5568240697436614,3.2704062968452443
611,2020-07-15,0.6642178244799221,0.6382596204337673,3.0633850554750173
612,2020-07-16,0.6465726454866367,0.5453582168718195,3.5642945293236465
613,2020-07-17,0.6134575996939291,0.4505938926773839,4.5298813019118995
614,2020-07-20,0.5644146317229555,0.5426755518187699,4.114470457521599
615,2020-07-21,0.16209370600048395,1.6158814746297938,4.658352696702489
616,2020-07-22,0.0824316426516205,3.4352909828819973,4.397424878653104
617,2020-07-23,0.12085126575820906,1.7793275632963053,5.565616146326823
618,2020-07-24,0.06066666777267127,3.4060020009280896,5.465557209853075
619,2020-07-27,0.12425584304324437,1.6706711294675838,5.781474909161392
620,2020-07-28,0.04988911182641903,2.778433211203415,8.365522653875754
621,2020-07-29,-0.03939240038419749,-1.7501814632703194,15.517565110766842
622,2020-07-30,-0.029972273535791707,-3.181074137621546,11.33286907274859
623,2020-07-31,-0.08277862171998468,-0.8704580794579397,14.665052307343394
624,2020-08-03,-0.013011397533345612,-16.214939709256967,5.364993683055186
625,2020-08-04,-0.003316752525986108,-93.51990296346568,3.821370315627895
626,2020-08-05,-0.026037002218189675,-11.218199228343522,4.399007611339705
627,2020-08-06,-0.10244930859559043,-1.4120865969819878,8.373150091382593
628,2020-08-07,-0.16320461943782852,-0.2037866397712534,34.218554917045545
629,2020-08-10,-0.13070523809315554,-0.7358461699819914,11.872787306109652
630,2020-08-11,-0.11359949120237893,-1.3696187981692083,6.909953534817875
631,2020-08-12,-0.14518200984449753,-0.8591808751032258,9.00372664093331
632,2020-08-13,-0.0746846809508335,-3.2113838990632377,4.807583736008622
633,2020-08-14,-0.08459333818941786,-2.368243693417546,5.716961992696651
634,2020-08-17,-0.03337769565195705,-7.023918493566475,5.111417031961008
635,2020-08-18,0.03429964073112866,7.13912114446781,5.032551099456973
636,2020-08-19,0.0140631790977897,17.482874351913363,4.9266322569812395
637,2020-08-20,0.0843744032822857,2.885092288815721,4.979325794406182
638,2020-08-21,0.17314169875548774,2.134011928678343,3.311332602254464
639,2020-08-24,0.06110880216444774,5.491499894580356,3.6568950104465783
640,2020-08-25,0.10876807945280152,2.560764913957675,4.361631961726306
641,2020-08-26,0.15963011125122525,2.22705242909939,3.55286999014741
642,2020-08-27,0.10971202799474564,2.9434514359300588,3.80839455245577
643,2020-08-28,0.16243321692338286,2.161356660338399,3.566693328480155
644,2020-08-31,0.0862835084781519,4.234593899943552,3.4697137585236417
645,2020-09-01,0.10212354578122657,4.709163389739105,2.7417581957504895
646,2020-09-02,0.10491071728497754,4.441521369570296,2.9162678451517587
647,2020-09-03,0.10332364930589807,4.646888418860125,2.693385609796148
648,2020-09-04,0.12203393228240167,3.289461507171155,3.066316909246015
649,2020-09-08,0.048806669432999966,7.9181915114282,3.0281358053212166
650,2020-09-09,0.1129839171601644,4.138142977837176,2.6474309940100595
651,2020-09-10,0.09573775211636985,4.513116086559741,2.8863699772694797
652,2020-09-11,0.04978967830362277,7.946949777603974,3.180937413769491
653,2020-09-14,0.1574762280960369,3.066811312215191,2.806649295818899
654,2020-09-15,0.2037229493400179,2.858621374210207,2.533664492751378
655,2020-09-16,0.1965476095925276,3.169920078322438,2.4166993418784757
656,2020-09-17,0.17066721467571258,3.524384033619461,2.45750376676243
657,2020-09-18,0.17019531771929305,3.7469451540807235,2.346055907508978
658,2020-09-21,0.13822339508531234,4.550447648135375,2.3790117524660284
659,2020-09-22,0.24989013971404497,2.8829875172495263,2.175658659833462
660,2020-09-23,0.21125129382195182,3.2730254587120915,2.1938856536078077
661,2020-09-24,0.22337769251928527,3.4709751913644933,1.9927560563242717
662,2020-09-25,0.30249160531384883,2.78457527599733,1.881082615594743
663,2020-09-28,0.24531240519501757,3.446223810300647,1.8268259017070783
664,2020-09-29,0.23655441833035123,3.518046561806759,1.8076016979028584
665,2020-09-30,0.16734772954771152,5.176276192936976,1.7048106679008153
666,2020-10-01,0.17351095410235343,5.01821258877515,1.7045703069044922
667,2020-10-02,0.21183599348655122,3.760446536610693,1.8590278630456558
668,2020-10-05,0.34603329115485454,2.446693433026486,1.8000480932305003
669,2020-10-06,0.45210536431106174,1.9629352572996837,1.7695885540356697
670,2020-10-07,0.43299725143446743,2.291179419907877,1.6299732763359325
671,2020-10-08,0.4781762869522408,2.1496618611507383,1.62416437009348
672,2020-10-09,0.49396123984847123,2.137119533450889,1.6083216700423153
673,2020-10-12,0.37503137434854444,2.785247987590156,1.581523654481723
674,2020-10-13,0.2987080153515944,3.5855875315578225,1.564894337277624
675,2020-10-14,0.20689037428500318,4.722542395529858,1.6478677758933367
676,2020-10-15,0.19915711369011516,4.835832152236555,1.6332713108028798
677,2020-10-16,0.1619062205799966,5.843338175259682,1.668645150747049
678,2020-10-19,0.17577142928899397,5.81578252219236,1.5502496545691755
679,2020-10-20,0.09171808296017449,10.678581858388913,1.598642756003587
680,2020-10-21,0.07764249487423766,12.343455275366592,1.607032405887384
681,2020-10-22,0.07442565925891087,13.959181672612758,1.5715780148693497
682,2020-10-23,0.013121505425012895,76.02891330782045,1.6623051064013545
683,2020-10-26,0.04846469415120157,20.782469986199754,1.6115749436700606
684,2020-10-27,0.0831467635785134,12.010660920830246,1.7163581435043997
685,2020-10-28,0.019870540953053573,48.13921596898769,1.7314212245445626
686,2020-10-29,-0.007059166444009838,-136.1235855493899,1.7126706025268927
687,2020-10-30,-0.07892386841369141,-11.270247510879841,1.7281052874424065
688,2020-11-02,-0.14964546929530106,-5.671158430673442,1.824524894150702
689,2020-11-03,-0.14250189247510323,-6.48989409987692,1.7534701438301972
690,2020-11-04,-0.14754983992689388,-6.615625644089067,1.5902706439305063
691,2020-11-05,-0.14519981534494913,-7.287056219515062,1.5407408769275364
692,2020-11-06,-0.17480911083190503,-6.246426100038769,1.469038345560964
693,2020-11-09,-0.14496813676966172,-6.685714204814515,1.6872595975650508
694,2020-11-10,-0.200163779956317,-4.415012795765044,1.8764059341639265
695,2020-11-11,-0.05613237310435089,-17.71087886744093,1.7900646448616382
696,2020-11-12,-0.011390146462516442,-87.60219346418187,1.746748353733889
697,2020-11-13,-0.0002126315820093704,-4677.939950642946,1.7570103545126883
698,2020-11-16,-0.04199365780414341,-21.615337462112038,1.9013566643733326
699,2020-11-17,-0.02442812704750923,-37.911217247671,1.8397282456286757
700,2020-11-18,0.03524786037492196,24.258866205538883,1.9719713982845999
701,2020-11-19,0.016383251039229392,54.40763253569897,1.8933498574194654
702,2020-11-20,0.05877741489162962,15.221008059843749,1.9284265624882553
703,2020-11-23,0.09987667462149427,9.574387179267648,1.8610637358102526
704,2020-11-24,-0.031232733926273917,-26.21734198593825,2.072130339410379
705,2020-11-25,0.057773767951493804,14.569994549213312,2.024956721535213
706,2020-11-27,0.13450219356977067,6.743717704306944,1.9241740540778698
707,2020-11-30,0.23606663997261224,3.87296866320789,1.9049720910442662
708,2020-12-01,0.2495505188268361,3.929052398223362,1.8034903647833425
709,2020-12-02,0.18049944472531546,5.270630505485722,1.8500618574007157
710,2020-12-03,0.14735009954080278,7.0226316214073075,1.713742526262144
711,2020-12-04,0.10759050499740191,10.161861343004738,1.6175033328342308
712,2020-12-07,0.19118153236346222,5.855674408422001,1.640106320780046
713,2020-12-08,0.2166563554742936,5.389023311460445,1.6032438124567616
714,2020-12-09,0.1999736496940751,5.438926429854075,1.7073476267862917
715,2020-12-10,0.2086584123400202,5.90841658068888,1.5530757325405193
716,2020-12-11,0.18288707357886952,6.567070996195934,1.5954153271071105
717,2020-12-14,0.1428456373933722,8.056511962463867,1.6053415523756451
718,2020-12-15,0.0874422557530282,12.638628460992038,1.6095644770313062
719,2020-12-16,0.09432373795487509,11.415418666225529,1.6513069689280782
720,2020-12-17,0.03277568135854676,30.81425494520898,1.6286292447705324
721,2020-12-18,0.016750121110858475,61.630261522327636,1.5882110453289322
722,2020-12-21,0.040821994520255464,27.412161301685682,1.5225375458486023
723,2020-12-22,0.041544512731074255,28.008586957513803,1.4987401668042069
724,2020-12-23,0.08895660412463463,12.374258366997553,1.5198391351113942
725,2020-12-24,0.004684889418055338,228.73006397334203,1.4895292313581525
726,2020-12-28,-0.09660946335396853,-10.697245726851659,1.5584020461320425
727,2020-12-29,-0.12217338657499717,-8.560485461860502,1.4806127114555492
728,2020-12-30,-0.12669238692361307,-7.956626329686508,1.522036857614648
