,Date,STMR,momentum,ltmr
0,2019-09-23,0.0039017398614570598,8.538373984037129,-0.13423157133990646
1,2019-09-24,-0.019189389233661373,-1.4522703768633525,-1.8131518823887856
2,2019-09-25,0.001185159228868967,39.80908668361995,-0.6011376211541105
3,2019-09-26,0.0052625639694186925,8.508927507249199,-0.7222765860959556
4,2019-09-27,-0.01721857855193891,-2.019566622119441,-0.7926437192450427
5,2019-09-30,-0.025544615111440093,-1.5744146350327461,-0.5048920691491972
6,2019-10-01,-0.014983156177092463,-2.5076083746994677,-0.427467211228299
7,2019-10-02,-0.04112060519550345,-1.2581677057301448,-0.6186750897486681
8,2019-10-03,-0.048834675092847085,-0.8744530735836378,-0.6831755849292018
9,2019-10-04,-0.04360373099520571,-1.0628519530467646,-0.534208756919856
10,2019-10-07,-0.03166122435666539,-1.6639909430514197,-0.28427041631168687
11,2019-10-08,-0.027977270964170707,-2.329196126517993,-0.42174457615964206
12,2019-10-09,-0.04279226016021083,-1.5341673257605013,-0.34588034818949104
13,2019-10-10,-0.02449098557953215,-4.1527023910494005,-0.189727956154378
14,2019-10-11,-0.017226053390952657,-7.665052664011846,-0.09856871201859091
15,2019-10-14,-0.015176287730339967,-7.585588501665676,-0.2776527193316567
16,2019-10-15,-0.004108547535630636,-31.281568510980637,-0.09136832515600449
17,2019-10-16,-0.002274255617503231,-54.284971841831,0.05834760937862182
18,2019-10-17,-0.004088161531000661,-27.61142145593843,0.25651211749499286
19,2019-10-18,-0.006375355219392401,-16.275277965400047,0.33072478819238355
20,2019-10-21,-0.0036413053383740407,-32.2858639867281,0.5139053619326914
21,2019-10-22,0.003202888849127505,33.637441857314386,0.6389829292557142
22,2019-10-23,-0.017861695001932076,-5.752287317319052,0.6867192589105438
23,2019-10-24,-0.027059557422456644,-4.303934164097281,0.7020751820364384
24,2019-10-25,-0.019848234300005457,-6.794224378671774,0.6974522415371208
25,2019-10-28,-0.023422540664463667,-5.101369072500696,0.7368267651676966
26,2019-10-29,-0.010115106598753112,-11.806623447874935,0.8613971288897568
27,2019-10-30,-0.005612865355328801,-17.53647207364467,1.0645305161985457
28,2019-10-31,-0.001872718801674787,-42.61364834489555,1.2997853094390197
29,2019-11-01,-0.0032551141234550707,-29.60376899880952,1.0213705218900135
30,2019-11-04,0.01801834981698125,4.94769740237018,1.1042129663551068
31,2019-11-05,0.02253495669692377,4.2815329059370955,1.0362259028215346
32,2019-11-06,0.028429419723663987,2.9350416251141462,1.131285282422431
33,2019-11-07,0.05276134204868415,3.9445121875453375,0.9222451553701903
34,2019-11-08,0.058605303724535256,2.8738162165280157,1.4655975471337743
35,2019-11-11,0.08863213139389145,1.6788720363188838,1.781571292253786
36,2019-11-12,0.05906262225150919,2.767200417348242,1.294345982910431
37,2019-11-13,0.04670645543805318,3.8930556986815903,1.0564371065269857
38,2019-11-14,0.04625121887924815,3.7884443938595402,0.971108462813597
39,2019-11-15,0.05163586157283206,3.3486491494255466,0.8116697402301098
40,2019-11-18,0.0502440480631129,3.062020912917057,0.7434330254387663
41,2019-11-19,0.0576913890677223,2.584918117199608,0.8015444291751871
42,2019-11-20,0.06312220135537144,2.297666839424983,0.9446578021696119
43,2019-11-21,0.06697612495364096,2.1917890693372537,0.9185154985137053
44,2019-11-22,0.07107309495825827,2.188188471658738,0.8478746941607023
45,2019-11-25,0.0656416810800661,2.1930862580862867,0.8844346952287678
46,2019-11-26,0.06008083541753467,2.2007350106565493,0.934369871042623
47,2019-11-27,0.07990810585298756,1.8693896602322435,0.9330034258130401
48,2019-11-29,0.06450613848250061,1.789306266971182,1.3600682907855361
49,2019-12-02,0.052232718785776254,2.300227910393493,1.3790091118855834
50,2019-12-03,0.027565122028676614,2.8590974163457026,2.050626900371894
51,2019-12-04,0.021167922724464706,3.6324368600493475,2.1797111376544653
52,2019-12-05,0.018400464414069208,5.702222957651519,1.417686205309962
53,2019-12-06,-0.02065638318755156,-4.479259572849219,1.7389171303799262
54,2019-12-09,-0.03824925637160724,-2.6880001103883924,1.2121380628045573
55,2019-12-10,-0.059439580707490905,-1.9188836639037947,0.904943386196105
56,2019-12-11,-0.0368992374734791,-2.849421962935611,0.9018287207440946
57,2019-12-12,-0.03361369873677819,-3.3892603587565033,1.0576614285676507
58,2019-12-13,-0.06714148286362931,-1.4805745778002464,0.7920120910053141
59,2019-12-16,-0.07449870671313527,-1.6022337523615793,0.6652143543763519
60,2019-12-17,-0.06931202576781825,-2.1895891948631863,0.5219581809525994
61,2019-12-18,-0.07586833514199529,-1.8693429116898672,0.5213931131869132
62,2019-12-19,-0.059117419256985396,-2.8678694682398653,0.3925062178831311
63,2019-12-20,-0.05833445313646055,-2.9009606723689485,0.35443460473355226
64,2019-12-23,-0.06614368603148786,-2.2664794691056813,0.2664918848786563
65,2019-12-24,-0.06583676481520745,-2.256750182754088,0.1542280260592656
66,2019-12-26,-0.06071208282142862,-2.383768308007284,0.2921620566050581
67,2019-12-27,-0.07404081077842775,-1.7280607958268273,0.30471151241594174
68,2019-12-30,-0.0591078799653315,-2.2167267491776044,0.30112812529558236
69,2019-12-31,-0.050101654177116574,-2.4429824810965974,0.3490815196403917
70,2020-01-02,-0.053321321506559306,-1.8617337844486228,0.47273578175536674
71,2020-01-03,-0.05755314929955719,-2.135644977231024,0.18741917099394195
72,2020-01-06,-0.062577737437001,-1.3332331940176225,0.3257206265571502
73,2020-01-07,-0.05700078524280177,-1.5213255269978105,0.25017235931204157
74,2020-01-08,-0.04654117760940209,-1.505026390200564,0.16689756599782934
75,2020-01-09,-0.044390097914008636,-1.1047106575293786,0.21812699140359262
76,2020-01-10,-0.05451701989814071,-0.6703061274820373,0.08877839679284591
77,2020-01-13,-0.047165381333423614,-0.8453313343383683,-0.26578239671949894
78,2020-01-14,-0.015059012470067534,-2.649390036836863,-0.3012306563205604
79,2020-01-15,1.5785983631388945e-16,340130693167928.8,0.0103469145165084
80,2020-01-16,0.0004669139741718892,54.49065047651421,0.8831605199455799
81,2020-01-17,-0.0028088452134424364,-1.600329581728217,2.8486010475573424
82,2020-01-21,-0.020089492895293222,0.5836693380248339,-1.1901862067443112
83,2020-01-22,-0.021063414691704835,0.25514341936929225,0.2917045032459162
84,2020-01-23,-0.018349142258317314,1.0241366568284385,0.8104065869479067
85,2020-01-24,-0.022196851871627253,0.545683873103265,2.060112642896709
86,2020-01-27,-0.03788342384632557,1.1535039933936484,1.9732924773882259
87,2020-01-28,-0.027073511889617055,1.7083503139391816,1.803138539323319
88,2020-01-29,-0.02754220053364681,1.6956088511860044,1.32821482386368
89,2020-01-30,-0.016482599123684716,2.535511653677583,0.745906580811838
90,2020-01-31,-0.004732567881318023,5.593838870536949,0.9252863758099816
91,2020-02-03,0.013182818425355949,-2.1613942227663387,1.0243549513099979
92,2020-02-04,0.03956770201096811,-0.3808781626011608,1.2263279974210242
93,2020-02-05,0.07251895248648366,0.15394908892221612,2.2893422173944824
94,2020-02-06,0.09015096678949881,0.39442837173418166,1.1372912250001268
95,2020-02-07,0.07380394291490633,3.3977001763661128,0.10206858109290703
96,2020-02-10,0.06525062328438332,3.5285633459437977,0.027563781882653734
97,2020-02-11,0.04851961867669919,3.803011673973356,-0.14409162177244889
98,2020-02-12,0.04632583915459176,3.6203600145207258,-0.1850826400407495
99,2020-02-13,0.029161987384753056,5.7569297158869945,-0.19336413533907276
100,2020-02-14,0.022161767004672702,7.201699055635858,-0.21439690005287462
101,2020-02-18,0.03274440934253601,5.036777375330753,-0.07100129511497705
102,2020-02-19,0.043404698247703606,3.5938552844731535,-0.013169866607027002
103,2020-02-20,0.05878636130822249,2.4236511542482715,0.18351129682651074
104,2020-02-21,0.059003205177205184,2.8038289255078648,0.1576115850472541
105,2020-02-24,0.04710598829472595,3.0614103652268034,0.08916479343261874
106,2020-02-25,0.03135654457531713,4.073675679025074,-0.08767102057686395
107,2020-02-26,-0.020428778118906452,-3.6578836286642917,-0.7035936435866433
108,2020-02-27,-0.04428184115828182,-1.0204362997229073,-2.390952067256542
109,2020-02-28,-0.07139266096530017,-0.8181626738713065,-1.875468126967117
110,2020-03-02,-0.07336817491873449,-0.5021448433786126,-3.01321717203896
111,2020-03-03,-0.0859605173359761,-0.5256065197081771,-1.9437997507781504
112,2020-03-04,-0.10839957113171106,-0.37295757068156776,-2.187857752372823
113,2020-03-05,-0.17736957428612507,-0.1650601059302629,-3.908344881980544
114,2020-03-06,-0.2031325436941647,-0.08930182364876219,-6.426500216253102
115,2020-03-09,-0.23340021434031635,0.08421932279498438,8.60486095303809
116,2020-03-10,-0.19145153119878497,-0.03831307432346081,-22.048632907686894
117,2020-03-11,-0.23268673672565254,0.1125419417104827,7.927642031138392
118,2020-03-12,-0.325125976313129,0.33882269040459534,2.8484107361586832
119,2020-03-13,-0.25570177329758265,0.15697709519934033,6.432492974107377
120,2020-03-16,-0.44114707217284216,0.5121650931082619,2.167247274449947
121,2020-03-17,-0.5116295686079134,0.6322687851353488,1.6691544297518133
122,2020-03-18,-0.7611654444711301,0.7410801873812695,1.3667476993948662
123,2020-03-19,-0.7110453292730101,0.6930446820743273,1.469966431845106
124,2020-03-20,-0.7277669248816472,0.7184516577309208,1.425025494974501
125,2020-03-23,-0.870538443320427,0.7411693615508418,1.4085828791468333
126,2020-03-24,-0.5845597520705303,0.6643538357192043,1.6813023910877285
127,2020-03-25,-0.37850568579800065,0.6517418039853432,2.026917816402286
128,2020-03-26,-0.35537433094600696,0.7485053704599397,1.8856049349921922
129,2020-03-27,-0.390197703453884,0.8159773716844625,1.7742645589010373
130,2020-03-30,-0.3726421725237671,0.812954835508783,1.8290738640375264
131,2020-03-31,-0.39907843541689475,0.8643240632992362,1.6915460399090458
132,2020-04-01,-0.49643690897746073,0.8750360523132124,1.5020362833036145
133,2020-04-02,-0.4246656689374906,0.9096462253911954,1.5996151677742327
134,2020-04-03,-0.43401549646194304,0.9545419168355395,1.515869751819996
135,2020-04-06,-0.3559580474327745,1.0955368139612032,1.5262127451758767
136,2020-04-07,-0.3158840722048408,1.0003660895806101,1.6392310309696858
137,2020-04-08,-0.2430891284217005,1.1833721501686936,1.7509458284865682
138,2020-04-09,-0.11825575946950534,2.1619714784814015,1.8526037244622868
139,2020-04-13,-0.18850171731422602,1.4130407167830605,1.7594855740103048
140,2020-04-14,0.011355740639360548,-22.50315305169811,1.8011122568595646
141,2020-04-15,0.040273873256830205,-6.992001225160771,1.7594359975139642
142,2020-04-16,0.2537972443603886,-1.2965856156623303,1.5974999431607793
143,2020-04-17,0.26341727156191636,-0.9871215456014226,1.6892778351794424
144,2020-04-20,0.24435247515090014,-1.216542439495128,1.5176112318304278
145,2020-04-21,0.404005172285164,-0.6978714306456971,1.6354615191900725
146,2020-04-22,0.15306510457812617,-1.9071517727190024,1.6180484637964798
147,2020-04-23,0.07302510244682188,-2.8607491238069827,1.7839043104156955
148,2020-04-24,0.12473822911348285,-1.0539081425313501,2.288117963262389
149,2020-04-27,0.2399707571858914,-0.3042589838144687,3.1814869840189703
150,2020-04-28,0.24233257046438392,-0.20539782111357563,4.3324151674432825
151,2020-04-29,0.3240632692039405,-0.0016582979952534454,330.2420636707342
152,2020-04-30,0.3677892274301581,-0.041419045392945435,14.192951062663791
153,2020-05-01,0.2963277112331469,-0.041643567764572606,20.179426542766016
154,2020-05-04,0.31277459150625614,-0.17533362294749222,4.973087335676604
155,2020-05-05,0.28189271585627984,-0.20092909115486093,5.007042438399025
156,2020-05-06,0.1993867787924815,-0.36747290367947755,4.134179561756298
157,2020-05-07,0.19980767003111113,-0.33125762817579957,4.451017060867312
158,2020-05-08,0.1964061618252238,-0.17702225275061437,7.015558368386989
159,2020-05-11,0.17177503803200173,-0.3891360674846198,3.9030265691870576
160,2020-05-12,0.12395856415552876,-0.6905263152215555,3.607665135960009
161,2020-05-13,0.1313359834585415,-0.8848172222798185,3.1003907705671887
162,2020-05-14,0.2059399523070229,-0.34080105508665703,4.281063273625537
163,2020-05-15,0.13624697338914063,-0.5008435670678917,4.25640889319031
164,2020-05-18,0.2516388225357496,0.04657240061230471,-17.022518894511098
165,2020-05-19,0.2529363304233799,0.0686291512105468,-10.690203685245772
166,2020-05-20,0.2566105177378957,0.05914632351892325,-11.762898165779495
167,2020-05-21,0.19883989070351912,0.2218820629578976,-3.4464873907810842
168,2020-05-22,0.1472986087723133,0.38805076004630823,-2.57526368874473
169,2020-05-26,0.12582912712584277,0.7497359715342293,-1.1189737625789138
170,2020-05-27,0.09902438607921252,1.016498636575898,-1.0729978141519083
171,2020-05-28,0.01808458379399915,3.4772056435564114,-2.3228124570804183
172,2020-05-29,0.07130513236220008,0.7967329568637752,-2.769022925806897
173,2020-06-01,0.11943938263302908,0.7352483664520407,-1.4803504735037507
174,2020-06-02,0.14930353496982132,0.7012053919124199,-0.827818727065583
175,2020-06-03,0.16298153738822407,0.5041081925757536,-0.9157746330132632
176,2020-06-04,0.17986943637092256,0.40140480609547985,-1.3014560493396183
177,2020-06-05,0.1648391789441466,0.3981078708125056,-1.452291845540991
178,2020-06-08,0.1616511213956524,0.5333400124799557,-1.0451261404470393
179,2020-06-09,0.17416876926011,0.36722623024091927,-2.0526869574293936
180,2020-06-10,0.1884283637755029,0.19925788300531497,-4.177089125864889
181,2020-06-11,0.15850395208974954,-0.19037468967847695,7.23616574191642
182,2020-06-12,0.1419119110893875,-0.07296003496259312,17.42998098326122
183,2020-06-15,0.1366982742687872,-0.05716785911821542,23.855776092566554
184,2020-06-16,0.08979303938727798,0.22571421313817083,-7.55223789046447
185,2020-06-17,0.12460508255917138,0.4675331780193117,-1.8737840681846911
186,2020-06-18,0.12422183894233005,0.5279395327904055,-1.5982949881984811
187,2020-06-19,0.07554559328972438,0.5564449689051251,-3.5038279648030652
188,2020-06-22,0.06578603410978986,0.5540833500804153,-4.392563447849134
189,2020-06-23,0.015417475742637278,2.368895887597523,-4.830862643212117
190,2020-06-24,0.01233901755171781,1.9834563573269282,-6.993824383572722
191,2020-06-25,0.029579985538642318,0.3108808764826341,-20.361009397530072
192,2020-06-26,0.026352771190547315,-0.5756622038273981,11.283919590334488
193,2020-06-29,0.044568221850766504,0.4436694962813725,-7.193648972855972
194,2020-06-30,0.004147254138458888,-4.4000398380191355,7.600743368480124
195,2020-07-01,-0.023371627412785187,1.4287409953910108,4.3266491775006255
196,2020-07-02,-0.009249750287121654,3.6147125233798807,3.493426562692864
197,2020-07-06,-0.006138157986187656,4.52057118908297,3.671698882391194
198,2020-07-07,-0.04958832263338922,0.6204698317443165,3.9022322192789476
199,2020-07-08,0.04723710050446016,1.045460928248158,-1.0753947448910435
200,2020-07-09,0.04071809674637144,0.5969817381364438,-3.671279214138981
201,2020-07-10,0.1167430004020715,0.3734239666232814,-1.5182713418850882
202,2020-07-13,0.06537592800999767,0.2340615623237473,-5.579724517558261
203,2020-07-14,0.09134551347180977,0.47761259461484235,-1.0983107561960865
204,2020-07-15,0.09122132528606813,0.5569201600135975,-0.39847786912494076
205,2020-07-16,0.062016422412238086,1.24644738002016,-0.4145970457523322
206,2020-07-17,0.051417691499777,1.3564670357686999,-0.5261164824831625
207,2020-07-20,0.07410809261072454,0.8451046647362883,-0.6995477341197227
208,2020-07-21,0.10235092763428932,0.8552410141982792,-0.2114392927941233
209,2020-07-22,0.11540860239699782,0.7107137211694726,-0.23960002350885282
210,2020-07-23,0.10341126040653678,0.5803947365339914,-0.5299585760282457
211,2020-07-24,0.10694920608914787,0.5254667947825366,-0.4538014811448294
212,2020-07-27,0.11943279087469899,0.5041438926413946,-0.22803057819632827
213,2020-07-28,0.05633189244881008,0.7698158585506142,-0.9370648141457105
214,2020-07-29,0.0838161977771932,0.6759696711451328,-0.42556178916694937
215,2020-07-30,0.08893618929595662,0.5743045828984666,-0.7468639136111174
216,2020-07-31,0.0576744247023035,-0.559945530198953,0.9559203843686381
217,2020-08-03,0.07794875641314826,-0.11638817504902368,0.43790489735060023
218,2020-08-04,0.09110839296171878,-0.1985957196250916,0.6425193366255697
219,2020-08-05,0.06259401854648688,0.35504715848405666,1.6210000460801273
220,2020-08-06,0.07307443683966221,-0.13311819628087912,-2.002603153242066
221,2020-08-07,0.06263904974299582,-0.47571533470984595,-1.1889272158966457
222,2020-08-10,0.08470663406729272,-0.06023384158179636,-6.4001504786150685
223,2020-08-11,0.058574427894534625,0.0431028784338955,9.165729605952926
224,2020-08-12,0.03923905000632279,0.1607353253000742,7.133841703029024
225,2020-08-13,0.028013038109460913,0.3684630530435234,3.3431901581556267
226,2020-08-14,0.026133116579466847,0.6045508315503624,2.9895966455140637
227,2020-08-17,0.040135959331606234,0.25891460506088926,6.538110465369453
228,2020-08-18,0.015777431904753177,-0.14882989445224054,-30.169134290467394
229,2020-08-19,0.0018537209995221314,-0.11586645261296412,-254.14570657597633
230,2020-08-20,0.020202665372668807,-1.01914929901321,-2.764576666264681
231,2020-08-21,0.01559207562606432,-1.715097646644366,-2.1471058340193463
232,2020-08-24,0.020975008362050608,0.25249142811910413,12.763248223061186
233,2020-08-25,0.024420678713299185,-1.4065291477352253,-1.138407199741053
234,2020-08-26,-0.0038131794313091914,8.669383622120444,-1.1075835342675584
235,2020-08-27,0.0028805269086675466,-12.491009732704775,-0.7820521471022984
236,2020-08-28,0.02855429517306967,-1.2725350540379656,-1.1854199508168388
237,2020-08-31,-0.026883682532726078,2.9937237289127543,-0.10518150731132672
238,2020-09-01,-0.023696513133630446,2.831144838809243,-0.22097246134192872
239,2020-09-02,-0.05473682619449512,1.0452806610108616,-0.4917145949685078
240,2020-09-03,-0.06167544682653771,1.380803149693798,0.2779831211597719
241,2020-09-04,-0.051347818039773285,1.3478356747088782,0.2044470146387293
242,2020-09-08,-0.07776916883731647,1.0637298357073457,0.6222501874777455
243,2020-09-09,-0.059538685227315674,1.099267484505133,0.6187083003934537
244,2020-09-10,-0.06329930031457713,1.1747115804225592,0.4470742322620379
245,2020-09-11,-0.04218511395309733,1.25480196844224,0.6521140431704153
246,2020-09-14,-0.03163553217824358,1.2550324704215154,0.3923143186517976
247,2020-09-15,-0.04427379677580389,0.6789022062358323,1.062751395011593
248,2020-09-16,-0.04508633666701012,0.8676504723792289,1.436481917709717
249,2020-09-17,-0.02799100295144589,1.0822608299906438,1.1002137794860405
250,2020-09-18,-0.0539726846984813,1.1706818267274384,1.0467095574625314
251,2020-09-21,-0.0899254331585645,1.1755860786355015,1.1597792621825305
252,2020-09-22,-0.10054399077667346,0.9861327370843642,1.2099042372655904
253,2020-09-23,-0.10129626974262171,1.1496502015581382,1.2973268337733266
254,2020-09-24,-0.08549443280727523,1.4005298756242928,1.2127546906547166
255,2020-09-25,-0.08166670662771011,1.5050191849772612,1.247247701140558
256,2020-09-28,-0.08131335818784974,1.2351122057334456,1.3429364058326045
257,2020-09-29,-0.06375448074339385,1.8617073273399949,1.3219584503627748
258,2020-09-30,-0.06407882077393023,1.8131408170382433,1.4534941019193945
259,2020-10-01,-0.07963892895496656,1.2020963978535686,1.770510562899246
260,2020-10-02,-0.030709691789483975,2.1829156864559516,2.291202532095056
261,2020-10-05,-0.03871455539381304,1.6613711488303018,2.2298372856783946
262,2020-10-06,-0.022826313370515897,3.2370743801190467,2.1328064789122227
263,2020-10-07,-0.027522467981617806,2.3614938094007605,2.258413328572023
264,2020-10-08,-0.03393525732967276,1.9301877585695126,2.2107044977457897
265,2020-10-09,-0.033884724449400244,1.839404153640029,1.9511752126370099
266,2020-10-12,-0.06262826201986983,1.3589045262772277,1.7166853723368414
267,2020-10-13,-0.0774419657948596,1.1921605479206219,1.7872354867662064
268,2020-10-14,-0.038001109987456844,1.9213055561510102,1.8302831263573076
269,2020-10-15,-0.041041530992336706,1.6827062682976206,1.702913690443824
270,2020-10-16,-0.028029748505237345,3.108355684110377,1.6142769624848246
271,2020-10-19,0.0010309858523232483,-95.35411765663791,1.594222024402074
272,2020-10-20,0.005115074459538004,-17.671950181589054,1.61223584892701
273,2020-10-21,0.02083408579369176,-4.743384517119097,1.6791688773645674
274,2020-10-22,0.046496110722558694,-1.1910609459810804,2.352206865076363
275,2020-10-23,0.060378256013070564,-0.587498698296402,3.1522442714112753
276,2020-10-26,0.004637906325037827,-16.374841413237505,2.020118601687894
277,2020-10-27,-0.0126184749783248,8.550012457917239,1.5713000956069365
278,2020-10-28,-0.01962411812974884,6.405023459033535,1.5528335736066199
279,2020-10-29,0.04563731389425498,-0.9747175409834415,2.7561783354907954
280,2020-10-30,0.005608100646700576,-10.619611208325122,2.253720471426246
281,2020-11-02,0.039687796369292455,-0.5386122897683892,4.267736708492095
282,2020-11-03,0.0807921767674943,-0.13759559029761623,6.010291078200268
283,2020-11-04,0.0681470671684798,-0.2844146944511508,3.2609295621608916
284,2020-11-05,0.08323933953873573,-0.12844285557544344,3.9557803720266875
285,2020-11-06,0.08334167648954034,-0.38093028354551123,0.9012715203402212
286,2020-11-09,0.12381506918313083,-0.16069177527700193,-1.0780692064634554
287,2020-11-10,0.16309024821898446,-0.10954143331101673,-2.150765087077474
288,2020-11-11,0.11352627553907312,-0.16338147607827785,-0.716738504089718
289,2020-11-12,0.07446434112587338,-0.5546675784547421,0.9733791988919355
290,2020-11-13,0.12620754417710964,-0.05681199835816311,6.979985436251532
291,2020-11-16,0.13475414171698832,-0.11272726705875391,2.640895918517565
292,2020-11-17,0.12815977542353665,-0.09735982778071382,2.6347006770034818
293,2020-11-18,0.1257693810626669,-0.24446401602202522,1.5472340494086048
294,2020-11-19,0.10015475609927865,-0.1831879742142086,2.447609468301759
295,2020-11-20,0.10595134210250311,0.03306301049388141,-2.62287860750152
296,2020-11-23,0.1540771457694874,0.04581516755148252,1.1003970649951476
297,2020-11-24,0.22335515940688555,0.22307682613885083,0.6945736352911449
298,2020-11-25,0.20857633839787376,0.10932479768129107,-0.010919889764386253
299,2020-11-27,0.14379385674798909,0.13493108090777212,-0.7450370587984434
300,2020-11-30,0.15267688021468656,0.1874212598975814,-0.5751386358749219
301,2020-12-01,0.11846563228154142,0.37864634454348817,-0.006573094841208446
302,2020-12-02,0.07579830256802589,0.4896749930816155,-0.11015066709822244
303,2020-12-03,0.08249846962175211,0.5084763366296625,-0.2756590583318408
304,2020-12-04,0.08142416924772308,0.6427109646998083,-0.017401812610818742
305,2020-12-07,0.061739655815426814,0.8203588095482065,-0.1186409411155422
306,2020-12-08,0.040789033669957175,1.449954104013088,-0.05247419244830837
307,2020-12-09,0.03330186618927042,2.2484117533307746,0.10842063154952845
308,2020-12-10,0.06006030755239103,1.3055453385121005,0.22858190004063333
309,2020-12-11,0.07042197275072248,0.8908116779977776,-0.03605672407860848
310,2020-12-14,0.03455241602042699,2.735663868934592,-0.029342844816799395
311,2020-12-15,0.055075734967875004,2.0768488269312275,0.08240122469100798
312,2020-12-16,0.051500421188926684,2.1035717920766848,0.08304635813341978
313,2020-12-17,0.06927771615045376,1.6513241149118925,0.2780802570432826
314,2020-12-18,0.06079974645912061,1.6705664867641024,0.13414029149374057
315,2020-12-21,0.038982023613744164,2.586308706930091,0.09369455051433676
316,2020-12-22,0.02595210290081286,3.820686884625383,0.01697730601404081
317,2020-12-23,-0.006042186792371378,-18.142427874534317,0.06780037329529404
318,2020-12-24,0.02653014420596462,4.147915373905312,0.06272788660396603
319,2020-12-28,0.026702631260823825,4.499395635756114,-0.03198768730165336
320,2020-12-29,0.025559046853167643,4.4321613680022125,-0.15705628817393996
321,2020-12-30,0.014661705290505634,7.476615844682611,-0.1628792133648041
